FIPS,2010_True_MR,2010_Pred_MR
01001,5.95,8.11724000000002
01003,12.85,12.905039999999959
01005,1.36,2.966120000000008
01007,8.1,11.236679999999966
01009,23.31,18.268079999999994
01011,6.08,5.397239999999997
01013,24.9,15.339720000000037
01015,11.88,15.125160000000047
01017,16.47,12.200879999999966
01019,12.28,14.254480000000045
01021,7.35,9.70631999999997
01023,0.0,1.8783200000000002
01025,3.21,3.4841200000000057
01027,0.0,6.963919999999999
01029,0.0,8.953
01031,13.72,12.468319999999958
01033,12.93,13.035879999999967
01035,42.0,27.7282
01037,7.67,6.929600000000014
01039,25.84,21.76644000000006
01041,16.55,14.135600000000037
01043,12.42,13.464160000000032
01045,4.69,6.746880000000024
01047,2.45,3.3802000000000083
01049,15.41,14.862759999999964
01051,8.04,9.968759999999977
01053,42.0,26.3854
01055,14.38,15.317240000000051
01057,33.33,25.925239999999985
01059,21.04,19.061639999999983
01061,10.65,12.991000000000032
01063,0.0,2.3777999999999997
01065,2.79,3.443079999999995
01067,0.0,4.215640000000002
01069,12.7,12.234319999999972
01071,13.57,15.534480000000036
01073,12.9,13.045840000000046
01075,20.1,16.863599999999973
01077,12.93,15.051319999999958
01079,16.22,14.737719999999946
01081,13.09,12.635080000000023
01083,11.71,13.26820000000002
01085,10.24,7.375760000000007
01087,10.08,7.6991199999999855
01089,8.82,10.602000000000007
01091,0.0,1.9266799999999997
01093,35.96,29.44780000000001
01095,14.61,14.886520000000013
01097,11.63,12.114120000000048
01099,25.02,18.73700000000003
01101,8.08,9.804999999999984
01103,13.34,14.379640000000025
01105,0.0,0.66872
01107,8.9,8.272040000000022
01109,8.41,8.113920000000023
01111,12.28,11.651880000000027
01113,6.8,6.651559999999979
01115,21.33,20.094159999999963
01117,13.64,13.020479999999989
01119,0.0,1.3597600000000005
01121,9.37,8.619999999999964
01123,9.1,9.594839999999976
01125,11.16,11.272200000000002
01127,55.5,41.670039999999986
01129,0.0,2.3323600000000004
01131,7.67,5.615320000000003
01133,33.96,30.413080000000015
02013,0.0,2.861887999999999
02016,0.0,0.8053579999999998
02020,17.59,15.141920000000026
02050,0.0,2.30928
02060,0.0,1.26932
02063,12.75,6.30951860317461
02066,11.14,6.30951860317461
02068,0.0,1.9757673333333328
02070,0.0,1.9998000000000007
02090,10.08,11.250879999999972
02100,0.0,3.36492
02105,0.0,1.0509600000000001
02110,0.0,2.641399999999999
02122,8.5,9.683279999999996
02130,0.0,3.8810800000000003
02150,0.0,2.4181199999999996
02158,0.0,6.30951860317461
02164,0.0,1.38672
02170,20.66,18.999919999999953
02180,0.0,0.6850799999999999
02185,0.0,3.20792
02188,0.0,2.0781999999999994
02195,0.0,3.736560000000001
02198,0.0,0.8937200000000002
02220,0.0,2.1451599999999993
02230,0.0,2.8276800000000013
02240,9.14,10.499319999999997
02275,0.0,4.0869599999999995
02282,0.0,1.8896
02290,3.84,3.124880000000002
04001,14.61,10.746919999999996
04003,9.75,10.918079999999998
04005,16.36,14.151160000000015
04007,17.54,14.076319999999978
04009,14.82,14.287800000000031
04011,11.44,9.828320000000028
04012,16.19,14.925240000000027
04013,16.16,15.862319999999968
04015,28.17,25.08892000000004
04017,15.83,13.643239999999963
04019,19.5,18.046440000000008
04021,11.49,11.15399999999996
04023,0.0,2.2530000000000014
04025,27.84,25.026720000000047
04027,11.45,11.204919999999989
05001,2.46,5.060040000000018
05003,1.34,4.299000000000007
05005,0.0,5.939160000000004
05007,12.3,12.712000000000035
05009,3.42,7.21584000000001
05011,0.45,3.6092000000000084
05013,0.0,5.5430399999999995
05015,10.23,11.02760000000001
05017,0.0,1.57736
05019,0.0,3.3961200000000007
05021,26.0,24.083880000000008
05023,7.13,8.843000000000046
05025,0.09,4.72776
05027,0.37,1.596920000000002
05029,9.36,10.121919999999996
05031,13.22,13.758559999999967
05033,30.67,23.826920000000023
05035,6.58,6.359319999999996
05037,7.55,8.261719999999977
05039,0.0,1.1356000000000002
05041,0.0,1.0378399999999999
05043,0.0,2.531440000000001
05045,12.03,12.640960000000034
05047,22.42,19.322240000000022
05049,0.0,4.57032
05051,21.62,20.18879999999995
05053,6.13,8.84408000000003
05055,19.61,19.612199999999987
05057,4.69,6.394160000000023
05059,8.83,11.255559999999974
05061,10.07,9.857720000000004
05063,2.73,7.465240000000009
05065,0.0,4.794959999999999
05067,9.14,10.138040000000004
05069,3.57,3.923480000000015
05071,19.23,17.82443999999999
05073,1.87,2.413400000000003
05075,10.89,13.665799999999985
05077,0.0,1.07668
05079,0.0,1.4620400000000005
05081,11.53,10.606080000000025
05083,16.72,14.829799999999954
05085,8.74,12.327399999999963
05087,18.75,13.590879999999995
05089,0.0,2.2240800000000007
05091,6.28,8.851159999999993
05093,9.15,7.33680000000002
05095,2.41,3.13176
05097,10.13,9.956760000000045
05099,0.0,1.1417200000000005
05101,12.12,8.978639999999963
05103,0.0,2.3618800000000006
05105,0.0,5.14416
05107,0.0,0.21068
05109,0.0,5.694799999999998
05111,11.19,13.19976000000003
05113,15.07,10.22576000000001
05115,16.04,15.88719999999998
05117,6.28,7.615399999999983
05119,10.61,12.193680000000011
05121,15.12,14.094759999999953
05123,3.29,3.647999999999993
05125,13.7,13.900079999999965
05127,18.56,17.30951999999999
05129,5.08,5.776679999999994
05131,14.16,13.31503999999998
05133,15.07,11.457280000000015
05135,3.78,6.069719999999988
05137,0.0,6.368200000000001
05139,1.11,3.558840000000009
05141,9.36,11.57844000000001
05143,9.16,11.003879999999985
05145,7.66,10.184160000000006
05147,6.05,6.271319999999982
05149,11.75,13.697199999999999
06001,10.98,11.493800000000011
06003,0.0,5.303599999999997
06005,26.35,21.217440000000018
06007,38.14,32.695840000000075
06009,33.29,24.016319999999986
06011,28.91,19.735919999999947
06013,11.44,12.065680000000029
06015,29.51,22.466600000000064
06017,19.34,17.10132000000004
06019,9.54,9.866279999999984
06021,31.95,21.919999999999934
06023,42.3,31.706720000000082
06025,12.99,10.566479999999967
06027,13.34,14.074040000000027
06029,17.73,14.866640000000013
06031,9.1,9.913799999999974
06033,52.86,40.80808000000001
06035,38.01,30.084000000000113
06037,6.92,8.114800000000013
06039,15.69,13.932640000000031
06041,8.23,10.258640000000007
06043,17.52,17.13196
06045,19.42,17.04972000000003
06047,13.08,11.07067999999998
06049,27.91,24.131199999999936
06051,10.67,10.362280000000021
06053,11.14,10.870160000000002
06055,13.04,13.03275999999998
06057,14.2,14.72199999999996
06059,10.44,10.85584000000003
06061,7.28,9.161439999999999
06063,31.6,25.565240000000056
06065,11.34,11.894640000000017
06067,14.83,14.890999999999977
06069,12.58,11.810839999999972
06071,5.37,7.885199999999966
06073,13.22,12.811239999999964
06075,23.87,18.97303999999995
06077,19.25,16.422039999999992
06079,15.44,15.714840000000029
06081,9.08,10.654799999999979
06083,9.84,10.218519999999994
06085,7.96,8.985680000000022
06087,21.19,18.25535999999999
06089,29.81,27.048040000000103
06091,28.0,21.62304
06093,26.96,22.26772000000002
06095,13.93,14.129079999999973
06097,10.24,11.903239999999968
06099,15.81,15.40935999999997
06101,14.75,14.301479999999996
06103,20.44,18.460920000000005
06105,27.79,23.19395999999999
06107,7.57,7.498879999999988
06109,25.48,21.81923999999995
06111,13.35,12.808959999999963
06113,9.9,11.408400000000034
06115,22.33,18.94339999999997
08001,20.6,16.661479999999965
08003,19.33,15.704119999999978
08005,14.02,13.455879999999988
08007,18.43,15.923079999999947
08009,0.0,0.01512
08011,1.66,4.3643999999999945
08013,13.36,13.272560000000013
08014,15.16,14.159319999999969
08015,9.47,9.686079999999995
08017,0.0,2.472280000000001
08019,4.51,6.766279999999998
08021,43.38,30.422360000000054
08023,22.21,16.478440000000017
08025,0.0,1.4902799999999996
08027,0.0,1.81552
08029,22.44,17.642000000000014
08031,26.29,21.449599999999958
08033,0.0,4.23512
08035,9.58,11.212013333333314
08037,8.47,7.188400000000013
08039,9.78,9.531000000000011
08041,15.54,14.394279999999982
08043,12.09,12.550880000000015
08045,19.55,16.238160000000054
08047,0.0,3.8633999999999995
08049,0.0,1.7704399999999998
08051,11.22,9.061759999999996
08053,0.0,1.2957999999999994
08055,8.88,8.188480000000034
08057,0.0,0.5709599999999999
08059,13.52,12.286159999999988
08061,0.0,0.0
08063,0.0,0.7232399999999998
08065,7.92,8.754600000000016
08067,4.1,6.7756799999999755
08069,17.35,15.28115999999996
08071,6.72,6.344640000000017
08073,0.0,4.3732
08075,3.49,7.565440000000005
08077,22.44,19.371359999999985
08079,0.0,1.1368958095238095
08081,12.86,11.100439999999995
08083,5.12,7.748519999999972
08085,11.22,11.179799999999966
08087,11.25,10.431320000000003
08089,6.64,7.212640000000026
08091,0.0,2.7855600000000003
08093,10.75,10.889280000000003
08095,0.0,0.36228
08097,13.18,10.51566619047618
08099,0.0,3.055280000000002
08101,19.93,17.099639999999976
08103,19.55,12.96976000000003
08105,16.79,14.025399999999985
08107,9.78,8.526179999999991
08109,5.37,5.916039999999988
08111,0.0,4.2183600000000006
08113,0.0,2.0765928571428582
08115,0.0,3.6359199999999987
08117,5.09,5.944199999999992
08119,12.88,11.969080000000055
08121,0.0,0.09016000000000003
08123,13.15,12.507400000000034
08125,0.0,0.13908
09110,17.31,23.87584000000005
09120,1.71,3.793280000000006
09130,14.74,14.055919999999949
09140,7.84,9.297639999999987
09150,14.74,15.30151999999993
09160,7.57,8.644959999999992
09170,9.14,11.166680000000001
09180,12.95,12.805559999999966
09190,6.18,9.11488000000001
10001,20.02,17.64000000000002
10003,16.24,15.104759999999935
10005,19.47,18.31203999999997
11001,13.92,14.263320000000029
12001,10.03,10.339440000000016
12003,13.09,12.894400000000005
12005,7.06,9.444079999999973
12007,16.58,14.33703999999997
12009,23.0,20.837799999999994
12011,13.59,14.69084000000003
12013,3.53,5.858399999999983
12015,6.85,11.44751999999997
12017,26.42,24.15820000000003
12019,14.04,13.657039999999977
12021,13.41,14.774559999999976
12023,7.61,12.073800000000011
12027,18.33,13.989479999999972
12029,6.51,9.018360000000003
12031,17.11,16.19296000000003
12033,11.37,12.146479999999967
12035,18.49,18.60907999999993
12037,1.78,6.748679999999985
12039,2.02,4.562359999999992
12041,0.0,6.1211199999999995
12043,15.79,14.39995999999998
12045,3.53,8.090559999999984
12047,4.62,5.952079999999978
12049,20.12,13.979119999999963
12051,0.0,2.8990400000000003
12053,23.69,21.380559999999974
12055,21.29,20.07667999999998
12057,19.33,18.74959999999997
12059,7.06,9.83191999999997
12061,18.0,18.552719999999997
12063,5.33,5.697879999999995
12065,0.0,2.7926400000000005
12067,3.26,6.354839999999996
12069,14.28,16.31788000000004
12071,15.21,16.30032000000002
12073,5.4,6.133600000000014
12075,13.02,14.15147999999999
12077,0.0,6.298879999999999
12079,2.23,3.878080000000009
12081,22.93,21.577360000000013
12083,15.64,17.75967999999999
12085,18.98,19.213919999999963
12086,4.81,8.408039999999971
12087,32.49,22.123519999999928
12089,17.52,17.154439999999997
12091,11.99,12.780719999999954
12093,32.39,24.613200000000052
12095,12.92,12.916160000000033
12097,14.48,14.560280000000015
12099,15.8,16.11400000000004
12101,32.16,26.165759999999956
12103,27.36,23.851679999999945
12105,18.7,17.063839999999953
12107,25.66,22.423079999999956
12109,11.23,12.78868000000001
12111,17.12,17.14459999999995
12113,16.22,15.927199999999948
12115,22.24,19.813439999999908
12117,14.12,14.208479999999955
12119,21.82,20.487079999999988
12121,1.63,5.404880000000019
12123,3.26,6.269479999999994
12125,13.3,13.391400000000036
12127,18.19,18.295560000000005
12129,1.8,4.715719999999984
12131,8.29,11.343599999999979
12133,7.06,9.070759999999977
13001,3.56,6.049479999999978
13003,3.45,4.293800000000013
13005,3.46,5.618280000000006
13007,0.0,1.5824799999999997
13009,0.0,1.90068
13011,21.47,18.922279999999976
13013,12.5,11.910039999999995
13015,18.92,17.306040000000024
13017,0.0,2.3467999999999996
13019,0.8,8.154359999999981
13021,12.79,12.260639999999984
13023,0.0,3.1181999999999994
13025,13.23,12.87864000000001
13027,0.6,4.45116000000001
13029,0.0,4.404759999999998
13031,0.0,3.7487199999999996
13033,5.47,6.880000000000017
13035,12.4,11.277160000000038
13037,0.0,0.7574
13039,19.84,15.20268000000003
13043,0.0,2.66416
13045,22.49,20.551159999999918
13047,15.5,16.687559999999998
13049,0.0,2.081880000000001
13051,9.21,10.309640000000023
13053,0.0,4.692840000000002
13055,16.16,17.556119999999954
13057,10.99,11.565039999999964
13059,12.78,12.247520000000044
13061,0.0,1.08468
13063,8.41,10.862079999999988
13065,6.9,4.942959999999999
13067,11.04,10.922719999999975
13069,0.84,4.034040000000003
13071,0.45,3.3535200000000063
13073,8.59,10.0938
13075,0.39,1.993439999999993
13077,11.57,12.237000000000027
13079,4.61,7.033039999999973
13081,0.0,2.08956
13083,15.45,15.46399999999997
13085,14.45,13.216079999999968
13087,0.0,2.2034800000000003
13089,6.57,9.393959999999998
13091,0.0,3.045680000000001
13093,0.0,1.0020000000000007
13095,0.0,2.3531199999999997
13097,11.25,11.046639999999996
13099,0.0,1.6925199999999998
13101,4.78,6.013679999999986
13103,1.84,6.648519999999982
13105,9.74,7.918840000000003
13107,0.0,2.2649599999999994
13109,0.0,2.4164000000000017
13111,32.5,24.872199999999996
13113,10.21,11.385120000000018
13115,15.63,16.570600000000038
13117,15.4,14.211520000000036
13119,26.52,21.987200000000072
13121,10.32,10.776000000000012
13123,24.01,21.217760000000087
13125,0.0,7.459880000000003
13127,19.84,17.571520000000035
13129,23.37,22.13695999999995
13131,0.0,3.1336
13133,5.07,5.24752
13135,5.58,7.518679999999986
13137,20.99,17.240319999999944
13139,13.66,12.667479999999987
13141,0.0,1.46304
13143,12.61,14.601480000000016
13145,15.98,13.961120000000012
13147,23.13,18.291680000000053
13149,18.24,17.81479999999992
13151,15.91,13.837359999999983
13153,2.56,6.789599999999978
13155,0.0,2.8777999999999997
13157,17.96,17.194800000000022
13159,10.08,11.00251999999997
13161,0.76,5.057759999999996
13163,2.56,2.7007599999999923
13165,1.37,4.093960000000002
13167,0.0,1.9188399999999994
13169,5.56,6.923239999999973
13171,11.07,8.512439999999987
13173,0.0,4.817919999999999
13175,0.0,4.399399999999999
13177,0.0,3.6954800000000003
13179,3.07,5.981719999999996
13181,2.86,3.3006800000000065
13183,3.07,9.298760000000001
13185,1.92,5.564000000000007
13187,14.06,15.720639999999975
13189,0.0,3.9797599999999997
13191,8.66,7.63652000000002
13193,0.0,1.4549199999999998
13195,16.89,14.601079999999975
13197,0.0,6.776800000000001
13199,13.73,11.265720000000009
13201,0.0,3.164600000000001
13205,0.0,1.6942000000000002
13207,8.89,9.488640000000016
13209,0.0,2.5593199999999996
13211,11.27,11.21947999999999
13213,40.45,31.71643999999993
13215,10.82,11.246920000000024
13217,14.88,13.576320000000054
13219,13.67,12.54796000000003
13221,6.61,9.08139999999998
13223,15.33,15.00663999999997
13225,1.41,5.223760000000007
13227,17.76,16.99416000000007
13229,8.66,7.918400000000024
13231,13.73,12.741600000000005
13233,12.5,13.037359999999987
13235,0.0,2.3359600000000005
13237,4.08,6.9708399999999875
13239,0.0,2.6135600000000014
13241,25.02,19.511720000000036
13243,0.0,0.32072
13245,12.42,11.120680000000023
13247,12.83,12.926959999999973
13249,0.0,7.543120000000004
13251,0.0,4.19472
13253,3.18,4.230199999999991
13255,12.26,12.194920000000042
13257,28.22,22.91856000000001
13259,0.0,1.2727599999999997
13261,0.0,3.6445600000000002
13263,6.7,6.564240000000017
13265,0.0,2.2779600000000007
13267,1.23,3.0079200000000053
13269,1.68,4.18607999999999
13271,0.0,1.2644
13273,0.0,0.45764000000000005
13275,1.35,4.363320000000008
13277,0.11,3.7012400000000074
13279,0.25,3.34236
13281,17.42,16.185760000000037
13283,0.0,4.418719999999999
13285,20.66,16.78795999999997
13287,0.0,2.4272
13289,3.07,5.1966000000000045
13291,28.81,22.778800000000068
13293,8.09,9.055639999999986
13295,17.43,17.83347999999998
13297,11.45,10.833479999999986
13299,6.2,7.383720000000019
13301,0.0,2.36164
13303,0.43,2.005520000000003
13305,9.2,10.14323999999999
13307,0.0,5.342000000000001
13309,0.0,1.0714400000000004
13311,13.86,11.843920000000002
13313,14.54,12.608079999999982
13315,0.0,1.1640399999999997
13317,0.0,1.66168
13319,0.0,2.0260400000000005
13321,0.0,4.537959999999997
15001,0.0,3.83476
15003,12.12,12.470839999999951
15005,0.0,3.696728000000001
15007,12.12,12.308159999999948
15009,24.25,19.28788
16001,12.72,12.583359999999972
16003,0.0,2.3659599999999994
16005,20.31,17.19359999999997
16007,4.28,3.1849599999999896
16009,8.18,9.027640000000002
16011,6.71,7.7446400000000155
16013,2.71,5.1847200000000155
16015,6.18,8.452480000000016
16017,10.24,8.38676
16019,13.24,13.878559999999952
16021,11.76,9.434680000000009
16023,0.0,3.3456
16025,0.0,3.461520000000001
16027,10.43,11.327479999999978
16029,0.0,0.30096
16031,6.94,8.324280000000028
16033,0.0,1.2408799999999998
16035,4.06,8.61635999999998
16037,2.67,4.2774799999999935
16039,7.99,8.343880000000002
16041,6.77,8.427679999999993
16043,2.21,3.261280000000006
16045,6.85,8.889679999999974
16047,5.45,6.471360000000015
16049,2.63,4.12756
16051,4.99,7.869480000000012
16053,0.0,2.3501200000000013
16055,8.5,10.24956
16057,4.09,5.8751999999999835
16059,0.0,1.68996
16061,2.57,3.3516400000000095
16063,0.0,2.0497199999999998
16065,6.08,9.75119999999998
16067,0.0,3.18084
16069,1.02,4.644119999999994
16071,0.0,0.35683
16073,0.0,3.8579200000000022
16075,10.43,11.72799999999998
16077,0.0,3.495120000000001
16079,5.19,7.686520000000024
16081,0.0,3.011440000000001
16083,21.79,18.630279999999985
16085,1.33,4.010240000000011
16087,4.33,7.33955999999999
17001,1.41,3.806839999999997
17003,0.0,3.2052000000000005
17005,0.0,5.759640000000001
17007,13.61,14.13600000000002
17009,3.5,5.721560000000001
17011,13.96,11.142840000000017
17013,0.0,5.0565999999999995
17015,8.64,9.068120000000018
17017,0.0,3.0241599999999997
17019,11.9,12.007040000000043
17021,12.07,10.894960000000015
17023,6.94,8.358040000000024
17025,4.55,7.605319999999977
17027,8.54,10.081599999999982
17029,1.32,5.204920000000002
17031,9.64,11.522479999999995
17033,7.86,11.117519999999994
17035,0.0,3.949880000000001
17037,10.5,12.335799999999997
17039,4.11,6.1410399999999825
17041,3.97,6.0676400000000115
17043,9.53,10.483800000000008
17045,8.88,8.807800000000036
17047,7.06,6.762599999999977
17049,2.62,2.845680000000002
17051,5.62,7.518719999999971
17053,10.91,11.709999999999988
17055,14.04,15.176959999999982
17057,9.61,11.61096000000001
17059,12.29,13.551799999999982
17061,9.17,9.266040000000022
17063,14.28,14.003120000000033
17065,10.59,10.28308
17067,0.0,1.0121200000000001
17069,7.01,8.867080000000009
17071,0.0,4.672359999999999
17073,10.44,10.720160000000023
17075,6.6,6.7806799999999825
17077,13.56,13.831199999999969
17079,3.53,5.509879999999985
17081,7.7,10.294239999999997
17083,12.49,12.15339999999996
17085,3.53,3.785599999999988
17087,6.65,11.125080000000041
17089,9.61,10.304999999999994
17091,13.19,14.528680000000026
17093,9.43,10.671479999999988
17095,9.18,12.568959999999958
17097,12.32,12.023840000000016
17099,22.9,19.335560000000005
17101,7.86,9.786359999999986
17103,16.7,15.915439999999949
17105,14.64,12.815239999999985
17107,8.35,10.414839999999964
17109,2.72,5.196960000000014
17111,10.68,12.026359999999974
17113,8.21,9.101600000000017
17115,6.1,8.998199999999972
17117,15.02,14.95499999999999
17119,20.49,18.233679999999936
17121,5.41,10.16836000000001
17123,13.88,13.29540000000003
17125,6.44,8.132120000000022
17127,7.09,8.227279999999976
17129,6.04,4.477719999999991
17131,0.0,4.70176
17133,17.99,14.916479999999936
17135,11.93,12.62551999999997
17137,9.06,9.881679999999967
17139,0.0,3.6627599999999996
17141,13.52,15.409399999999984
17143,18.73,16.265800000000006
17145,9.05,9.73032
17147,0.0,1.2331599999999998
17149,3.04,5.4252799999999874
17151,0.0,2.820720000000001
17153,0.0,2.133680000000001
17155,0.0,3.105119999999998
17157,13.59,13.694320000000028
17159,6.32,5.978439999999998
17161,11.52,11.903719999999991
17163,13.69,12.380880000000033
17165,10.05,10.134320000000004
17167,12.07,12.63396000000002
17169,4.01,4.878479999999995
17171,7.09,7.880519999999974
17173,5.24,5.912520000000005
17175,16.3,12.541760000000028
17177,9.77,11.30223999999999
17179,13.27,11.849079999999988
17181,8.1,11.717439999999971
17183,6.43,8.964399999999992
17185,8.31,8.869799999999971
17187,0.0,2.68328
17189,0.0,1.13896
17191,7.06,9.230759999999975
17193,10.95,10.667839999999988
17195,12.58,13.129959999999976
17197,11.59,11.142320000000009
17199,19.51,16.892440000000068
17201,13.27,14.708839999999988
17203,15.27,13.049919999999991
18001,14.01,14.239080000000062
18003,8.93,10.393199999999988
18005,14.96,15.10708000000001
18007,5.23,7.8946000000000085
18009,22.11,19.775839999999974
18011,17.27,13.089799999999997
18013,14.76,13.694880000000056
18015,20.44,15.957840000000038
18017,21.81,19.19596000000002
18019,26.89,24.008200000000045
18021,18.48,17.529479999999985
18023,20.19,19.416599999999995
18025,0.0,8.444079999999998
18027,0.71,6.309680000000018
18029,25.94,21.80123999999996
18031,15.98,16.68060000000001
18033,8.9,12.066440000000027
18035,17.0,18.003720000000005
18037,1.41,2.186880000000005
18039,9.55,11.413120000000015
18041,22.61,23.591399999999965
18043,18.67,18.59912000000003
18045,15.18,14.32843999999996
18047,21.44,18.402960000000004
18049,27.43,22.162560000000028
18051,13.05,12.04960000000001
18053,27.22,23.974960000000028
18055,9.49,11.62595999999995
18057,7.78,9.246799999999999
18059,19.51,17.46432000000007
18061,12.02,12.751719999999997
18063,12.84,12.238720000000017
18065,22.97,21.295640000000002
18067,26.57,24.229519999999994
18069,18.08,17.783439999999967
18071,24.69,21.984719999999953
18073,14.62,15.240639999999955
18075,19.0,16.51563999999999
18077,24.44,21.378399999999967
18079,28.5,25.271280000000015
18081,13.41,13.488799999999978
18083,7.27,9.434559999999994
18085,20.57,18.501840000000016
18087,0.0,16.721199999999996
18089,4.64,7.990840000000032
18091,21.55,18.970920000000053
18093,8.75,12.451559999999997
18095,33.53,26.525119999999976
18097,17.23,16.05148000000002
18099,21.25,21.078279999999996
18101,0.0,10.41324
18103,26.9,23.400039999999954
18105,13.59,12.77796000000002
18107,31.22,24.03516000000001
18109,17.28,18.147080000000045
18111,0.0,6.180679999999998
18113,9.76,12.35708000000004
18115,14.67,14.39880000000003
18117,0.0,8.661320000000002
18119,15.44,15.202840000000027
18121,21.32,18.32648000000002
18123,2.47,6.166080000000016
18125,4.55,7.947479999999982
18127,14.5,13.973120000000002
18129,19.64,15.467919999999982
18131,23.59,19.097640000000048
18133,19.62,16.900159999999943
18135,20.61,18.190720000000006
18137,16.26,16.189080000000065
18139,19.87,18.33859999999994
18141,15.75,15.344959999999995
18143,70.87,52.61396000000018
18145,16.72,17.27115999999995
18147,4.59,7.19115999999998
18149,43.11,32.26867999999991
18151,10.71,11.666960000000014
18153,13.12,13.18583999999995
18155,0.0,7.147960000000001
18157,14.31,13.624399999999962
18159,23.78,18.63048000000003
18161,23.01,19.38680000000008
18163,28.84,23.089040000000058
18165,12.1,12.888079999999974
18167,17.56,17.434479999999994
18169,24.06,20.114360000000016
18171,0.0,4.198520000000001
18173,11.54,11.129519999999983
18175,21.41,20.527239999999942
18177,21.85,19.540080000000003
18179,19.08,17.10435999999997
18181,13.33,13.768279999999972
18183,16.28,15.885120000000056
19001,0.0,0.16468
19003,0.0,0.0072
19005,0.0,3.697840000000002
19007,0.0,5.232279999999999
19009,0.0,0.02612
19011,3.02,5.648719999999991
19013,0.95,6.286360000000018
19015,4.34,4.021320000000007
19017,0.6,1.3833600000000013
19019,2.66,3.359599999999997
19021,0.0,0.57648
19023,0.0,0.02204
19025,0.0,0.06728
19027,0.0,0.24620000000000006
19029,1.96,1.4293999999999982
19031,9.02,6.273719999999989
19033,0.0,3.203200000000001
19035,0.0,0.7578
19037,0.0,0.7373599999999999
19039,0.0,1.0223600000000002
19041,0.0,1.5368000000000004
19043,0.0,0.21619999999999998
19045,9.32,9.1348
19047,1.63,2.1250399999999967
19049,3.74,3.802160000000003
19051,0.0,5.521960000000002
19053,0.0,0.9173600000000001
19055,0.0,0.9949600000000002
19057,0.0,3.38228
19059,0.0,2.9485600000000005
19061,0.0,1.9886400000000002
19063,0.0,0.36679999999999996
19065,0.0,0.2591200000000001
19067,0.0,0.47823999999999994
19069,0.0,0.09019999999999999
19071,0.56,1.4347200000000009
19073,0.97,0.7973999999999998
19075,0.0,0.26688
19077,0.49,0.9024800000000011
19079,0.0,0.22816
19081,0.0,0.6259600000000001
19083,0.0,1.0040000000000002
19085,3.35,3.3135200000000102
19087,0.0,2.4966
19089,0.0,0.01176
19091,0.0,0.0792
19093,0.0,0.034519999999999995
19095,0.0,1.2488399999999997
19097,3.11,2.2692400000000066
19099,2.85,4.554400000000006
19101,0.0,3.327400000000001
19103,4.83,4.5666400000000005
19105,0.0,1.18292
19107,0.0,0.32567999999999997
19109,0.0,0.029240000000000002
19111,0.0,3.9788799999999998
19113,10.29,10.707839999999983
19115,0.97,4.3075200000000144
19117,0.0,4.25668
19119,0.0,0.484416
19121,2.98,3.822920000000007
19123,0.0,2.466919999999999
19125,3.47,4.159360000000012
19127,0.0,4.3573200000000005
19129,0.0,2.453279999999999
19131,0.0,0.21067999999999995
19133,2.46,2.3525999999999994
19135,0.0,1.6826000000000005
19137,0.0,3.38952
19139,7.18,9.904559999999986
19141,0.0,0.00584
19143,0.0,0.14923999999999998
19145,0.0,0.28372
19147,0.0,1.5259999999999996
19149,1.95,1.6293999999999953
19151,0.0,0.04132
19153,13.03,13.564600000000047
19155,11.76,12.538760000000043
19157,0.0,1.7758399999999999
19159,0.0,0.05548
19161,0.0,0.02096
19163,16.76,15.307160000000062
19165,0.0,0.031159999999999997
19167,0.0,0.42455999999999994
19169,3.47,5.012800000000012
19171,0.0,2.8027999999999986
19173,0.0,0.029240000000000002
19175,0.0,1.9760400000000002
19177,0.0,0.76052
19179,0.0,4.3565999999999985
19181,4.34,4.4584399999999995
19183,0.0,0.9550400000000001
19185,0.0,2.2510800000000004
19187,0.0,3.5119599999999997
19189,0.0,0.8407200000000001
19191,0.0,0.4443600000000001
19193,9.76,10.973520000000033
19195,0.0,1.52068
19197,0.0,0.8182800000000002
20001,1.25,2.566640000000001
20003,3.1,2.0964800000000055
20005,6.67,9.395920000000018
20007,1.13,0.8123999999999982
20009,0.0,1.5118399999999999
20011,1.8,2.700999999999997
20013,0.0,1.5502400000000003
20015,2.9,6.246600000000012
20017,0.0,0.39196000000000014
20019,0.0,0.09704
20021,13.75,12.998040000000005
20023,0.0,0.0
20025,0.0,0.12111999999999998
20027,0.0,0.0334
20029,0.0,1.3001999999999996
20031,1.58,2.656680000000001
20033,0.38,0.2580800000000006
20035,4.85,6.953999999999978
20037,7.8,9.719639999999997
20039,0.0,0.02096
20041,0.21,1.6090399999999967
20043,0.0,2.2356
20045,10.69,10.810680000000024
20047,0.0,0.337
20049,0.0,2.47636
20051,0.0,0.93132
20053,0.0,0.7182800000000001
20055,0.0,1.16868
20057,0.0,1.28556
20059,5.78,6.7880399999999845
20061,0.0,2.9938000000000002
20063,0.0,0.0
20065,0.0,0.05192
20067,0.0,2.3583200000000004
20069,0.0,0.6431999999999999
20071,0.0,0.16523999999999994
20073,0.0,0.9506000000000001
20075,0.0,0.31123199999999995
20077,0.0,0.20104000000000002
20079,5.79,6.448439999999983
20081,0.0,2.4512800000000006
20083,0.0,0.0172
20085,0.0,1.6606400000000003
20087,10.52,8.68375999999999
20089,0.0,0.14036
20091,7.96,9.499400000000017
20093,0.0,1.1338400000000002
20095,0.0,0.0
20097,0.0,0.16744000000000003
20099,6.27,7.40755999999999
20101,0.0,0.13711999999999996
20103,16.84,15.14112000000003
20105,0.0,0.08159999999999999
20107,0.0,2.0517199999999995
20109,0.0,0.0
20111,0.0,5.129199999999998
20113,1.45,1.0305599999999968
20115,0.0,0.0
20117,0.0,0.0156
20119,0.0,0.73472
20121,8.16,9.197520000000017
20123,0.0,0.02852
20125,5.05,6.56395999999998
20127,0.0,0.00528
20129,0.0,1.21848
20131,0.0,0.03724
20133,2.83,6.64835999999999
20135,0.0,0.07432
20137,0.0,0.33860000000000007
20139,6.3,7.199279999999983
20141,0.0,0.0
20143,0.0,1.48768
20145,0.0,0.82204
20147,0.0,0.027880000000000002
20149,2.42,2.1364800000000024
20151,1.17,0.8757199999999973
20153,0.0,0.0476
20155,4.7,4.892960000000011
20157,0.0,0.62936
20159,1.54,3.0242799999999956
20161,0.0,3.24324
20163,0.0,0.22712000000000002
20165,0.0,1.5729199999999999
20167,0.0,0.16440000000000002
20169,0.0,2.66196
20171,0.0,0.335
20173,11.58,12.480079999999976
20175,0.0,3.078839999999999
20177,14.53,13.657320000000038
20179,0.0,0.00152
20181,0.0,1.5889600000000004
20183,0.0,0.09423999999999999
20185,1.23,0.8415199999999978
20187,0.0,2.163919999999999
20189,0.0,1.0046800000000002
20191,2.9,5.698920000000006
20193,0.0,1.6130400000000003
20195,0.0,0.09416
20197,0.0,1.4548399999999995
20199,0.0,0.025720000000000007
20201,0.12,0.07247999999999989
20203,0.0,0.58184
20205,0.0,2.1207600000000006
20207,0.0,2.560879999999999
20209,11.38,12.728320000000048
21001,3.89,12.106079999999977
21003,15.98,14.950920000000012
21005,15.33,14.45123999999998
21007,4.25,8.07752
21009,11.1,13.060559999999965
21011,34.02,31.637280000000136
21013,59.18,51.569040000000115
21015,18.07,17.268160000000027
21017,21.6,19.39972
21019,24.26,21.777920000000094
21021,18.29,16.80491999999999
21023,0.0,10.65752
21025,67.18,65.21440000000008
21027,13.27,17.21472000000001
21029,17.31,17.713879999999993
21031,23.99,25.052679999999917
21033,15.57,14.969520000000035
21035,7.94,10.913000000000029
21037,37.39,30.28692000000008
21039,0.0,5.47208
21041,8.15,12.236160000000035
21043,35.39,33.89128000000007
21045,13.39,19.791320000000013
21047,12.0,11.561680000000004
21049,36.58,30.288439999999955
21051,115.1,89.50703999999985
21053,24.84,30.232560000000078
21055,13.25,15.095839999999997
21057,11.29,16.794039999999974
21059,11.31,12.219359999999972
21061,24.88,23.38060000000007
21063,44.82,50.103959999999866
21065,19.32,27.69763999999997
21067,18.9,16.965800000000034
21069,23.86,26.711559999999928
21071,96.92,79.4123599999998
21073,11.19,12.505160000000025
21075,0.0,5.212320000000001
21077,8.74,15.671599999999918
21079,20.86,17.197120000000016
21081,21.85,21.981680000000026
21083,5.78,9.559639999999998
21085,46.23,39.11011999999984
21087,0.0,5.11012
21089,27.66,23.682239999999954
21091,0.0,4.613160000000001
21093,10.24,12.028639999999962
21095,37.85,37.92528000000013
21097,15.01,17.737320000000075
21099,15.41,15.83971999999996
21101,17.03,17.422720000000048
21103,7.83,9.601919999999986
21105,0.0,8.548039999999999
21107,21.32,20.008400000000012
21109,0.0,20.184800000000003
21111,19.15,17.811120000000024
21113,20.14,19.10735999999999
21115,81.21,61.94347999999977
21117,36.16,30.039039999999957
21119,75.07,70.58899999999987
21121,72.13,64.93247999999984
21123,8.55,10.766200000000019
21125,35.38,31.73800000000005
21127,54.25,51.05028
21129,36.72,41.65215999999996
21131,69.55,66.80787999999983
21133,81.81,79.66472000000006
21135,32.86,43.95604000000003
21137,21.82,19.604560000000003
21139,10.97,13.170279999999966
21141,13.84,15.09796000000003
21143,12.22,11.895039999999979
21145,21.26,18.954400000000078
21147,0.0,17.599879999999995
21149,16.43,18.22575999999998
21151,21.38,19.245200000000057
21153,80.1,70.23000000000005
21155,12.32,11.990760000000027
21157,11.66,12.692959999999983
21159,68.82,62.958239999999904
21161,25.82,21.911199999999994
21163,7.42,9.883320000000017
21165,49.14,41.37627999999998
21167,19.18,17.322039999999966
21169,0.0,14.023039999999991
21171,9.03,14.376800000000047
21173,34.44,28.70683999999993
21175,62.82,49.600239999999886
21177,15.37,14.826519999999945
21179,13.24,13.482079999999945
21181,23.64,18.675280000000008
21183,17.7,17.277959999999954
21185,15.35,14.245759999999958
21187,11.64,11.097480000000004
21189,60.39,58.54747999999987
21191,24.41,26.832359999999948
21193,66.08,63.34255999999996
21195,55.47,54.19291999999985
21197,30.87,32.23939999999995
21199,23.56,23.17404000000005
21201,12.91,19.56879999999996
21203,20.08,25.02623999999995
21205,41.48,35.14043999999986
21207,15.4,17.577000000000027
21209,15.89,16.984159999999978
21211,14.11,14.923720000000017
21213,17.2,16.742999999999967
21215,16.86,15.545000000000032
21217,4.27,8.378199999999987
21219,0.0,4.51484
21221,10.69,11.35240000000002
21223,0.0,4.950680000000002
21225,15.48,14.270840000000009
21227,17.31,16.74775999999998
21229,16.21,14.381160000000017
21231,15.43,17.182039999999976
21233,18.26,17.539800000000078
21235,41.87,42.78540000000006
21237,53.72,60.05827999999983
21239,16.53,15.18320000000004
22001,25.81,21.471440000000023
22003,13.96,13.33632000000002
22005,10.0,10.056680000000002
22007,15.02,11.534999999999993
22009,8.81,7.567159999999978
22011,12.52,11.400439999999993
22013,2.69,2.793840000000007
22015,4.66,7.81008000000002
22017,11.28,10.93692000000002
22019,12.37,11.246399999999964
22021,1.61,5.110639999999989
22023,0.0,1.6103306666666666
22025,2.44,3.4750800000000135
22027,2.12,2.233520000000002
22029,0.0,1.3076
22031,3.76,5.298159999999994
22033,5.89,7.42008000000003
22035,0.0,0.49844
22037,0.0,2.489280000000001
22039,17.04,12.885079999999984
22041,0.0,2.3766
22043,15.11,12.906200000000014
22045,13.62,12.466519999999958
22047,11.13,10.336880000000038
22049,0.0,1.9828000000000001
22051,20.11,17.74960000000002
22053,12.82,12.624200000000037
22055,12.92,12.97588000000004
22057,16.55,13.562240000000031
22059,10.61,10.98308
22061,3.22,3.592000000000011
22063,28.41,23.18487999999995
22065,0.0,0.21580000000000002
22067,1.61,2.5847600000000064
22069,8.1,6.459279999999989
22071,11.92,14.099760000000035
22073,6.45,7.049920000000018
22075,16.02,13.639159999999992
22077,7.78,8.347719999999986
22079,15.11,12.464960000000012
22081,0.0,1.5243199999999992
22083,0.0,3.1854000000000005
22085,3.71,5.232640000000011
22087,13.97,13.027319999999971
22089,18.33,15.261959999999975
22091,10.29,8.532479999999987
22093,15.06,13.024839999999978
22095,18.69,15.152120000000032
22097,17.5,11.793400000000002
22099,13.78,11.916280000000025
22101,16.19,12.718640000000025
22103,20.27,18.113000000000017
22105,17.13,13.852520000000052
22107,0.0,1.5224800000000003
22109,18.76,15.883480000000073
22111,3.76,5.988519999999996
22113,13.09,12.935960000000023
22115,10.93,11.231479999999975
22117,15.32,11.764520000000026
22119,2.46,3.8228800000000076
22121,4.26,6.512359999999994
22123,0.0,4.76816
22125,0.0,2.8632400000000007
22127,6.35,4.843560000000001
23001,13.04,14.565759999999976
23003,19.59,17.479760000000038
23005,9.56,10.419199999999973
23007,13.08,13.43475999999998
23009,15.14,13.484599999999984
23011,13.12,14.038959999999953
23013,15.14,12.343679999999992
23015,13.61,12.59120000000001
23017,11.82,12.774680000000034
23019,13.66,14.304799999999979
23021,16.62,13.099159999999952
23023,11.91,11.994919999999983
23025,15.06,14.818199999999969
23027,14.27,13.339239999999991
23029,16.62,15.85731999999995
23031,11.6,11.998279999999959
24001,21.42,20.126960000000036
24003,15.61,14.818840000000025
24005,14.69,13.96872000000002
24009,16.81,14.472199999999972
24011,39.41,27.351919999999954
24013,10.16,8.497320000000016
24015,32.45,27.48175999999993
24017,12.07,11.013320000000014
24019,24.0,18.420519999999993
24021,12.67,12.07112000000003
24023,25.46,19.240440000000024
24025,16.63,16.095840000000063
24027,8.53,8.110359999999986
24029,22.9,17.02580000000003
24031,4.45,6.524480000000018
24033,5.51,8.852800000000013
24035,27.44,22.287879999999966
24037,14.44,12.508160000000025
24039,13.11,12.69388000000001
24041,30.28,25.000999999999973
24043,14.84,14.909640000000028
24045,13.11,13.596160000000019
24047,15.23,16.194240000000008
24510,22.6,19.06172
25001,12.05,11.912080000000019
25003,14.56,16.027399999999975
25005,18.76,18.457560000000097
25007,0.0,4.4784
25009,10.41,11.77179999999999
25011,16.34,16.288720000000037
25013,14.02,14.52279999999999
25015,7.6,8.517879999999975
25017,11.26,11.489560000000042
25019,6.02,7.565359999999989
25021,11.4,11.61680000000004
25023,16.08,15.96571999999997
25025,13.41,13.731799999999975
25027,14.85,14.590479999999964
26001,12.14,11.02528
26003,0.0,4.17548
26005,12.89,13.059399999999984
26007,0.0,3.14832
26009,7.92,7.765600000000019
26011,24.27,22.35608000000007
26013,0.0,3.632119999999999
26015,13.91,14.205999999999976
26017,24.27,21.21380000000006
26019,21.47,17.009359999999962
26021,14.02,15.564559999999993
26023,13.13,15.392480000000045
26025,22.88,21.111960000000074
26027,26.93,22.84000000000002
26029,0.0,3.7798799999999986
26031,0.0,3.08604
26033,0.0,4.965439999999999
26035,19.26,19.4085600000001
26037,14.86,13.931840000000017
26039,8.15,10.036440000000024
26041,0.0,3.1948
26043,0.0,2.4086399999999997
26045,9.25,11.768719999999995
26047,0.0,5.6429199999999975
26049,21.09,18.903400000000044
26051,19.15,17.761000000000035
26053,0.0,1.5996399999999995
26055,15.85,14.719239999999958
26057,16.0,17.292
26059,15.54,15.981279999999984
26061,0.0,2.8871200000000017
26063,19.14,14.842959999999977
26065,13.85,13.81123999999997
26067,12.78,15.251800000000046
26069,24.27,20.457960000000064
26071,0.0,2.1978799999999996
26073,17.02,14.505159999999993
26075,13.25,14.412559999999996
26077,14.68,14.999719999999963
26079,14.23,15.904960000000015
26081,9.86,11.308839999999996
26083,0.0,3.2427599999999988
26085,38.78,30.075399999999956
26087,14.76,14.725640000000054
26089,0.0,5.15308
26091,12.89,15.325039999999971
26093,9.91,10.643839999999994
26095,0.0,3.2684
26097,0.0,5.964159999999998
26099,25.06,23.69148000000008
26101,48.57,33.47003999999994
26103,0.0,2.4326800000000004
26105,48.57,34.23067999999993
26107,25.6,23.348440000000046
26109,0.0,4.782359999999999
26111,13.09,12.901080000000006
26113,18.48,14.962680000000004
26115,13.2,14.98811999999996
26117,13.37,16.72743999999996
26119,0.0,3.785519999999999
26121,18.1,17.539119999999983
26123,24.65,22.20727999999996
26125,6.28,8.77755999999999
26127,33.34,25.272800000000057
26129,17.09,16.95844000000003
26131,0.0,2.9697599999999995
26133,27.44,23.76515999999994
26135,7.68,11.115559999999991
26137,1.98,4.472920000000009
26139,11.27,11.963279999999994
26141,0.0,5.66892
26143,13.26,13.637480000000055
26145,14.57,14.655520000000042
26147,23.51,22.098440000000092
26149,14.97,16.687799999999953
26151,19.14,17.728439999999996
26153,0.0,2.7208799999999997
26155,21.48,19.545159999999974
26157,18.83,17.94619999999997
26159,15.76,15.605120000000063
26161,10.35,11.342079999999964
26163,15.43,15.491759999999958
26165,31.17,26.258360000000042
27001,6.88,8.172320000000028
27003,12.01,12.422000000000045
27005,2.79,3.9369999999999905
27007,1.87,6.466239999999976
27009,9.25,11.891919999999994
27011,0.0,0.01092
27013,0.0,3.88084
27015,0.0,1.5901999999999998
27017,10.49,10.857879999999973
27019,9.02,9.292999999999987
27021,2.77,6.261999999999989
27023,0.0,1.66856
27025,8.52,9.429759999999991
27027,16.72,13.222279999999964
27029,0.0,6.17716
27031,0.0,1.04152
27033,0.0,0.09711999999999998
27035,2.77,4.190759999999991
27037,9.7,10.75135999999999
27039,0.0,1.7558799999999997
27041,3.08,3.178680000000007
27043,0.0,0.10783999999999999
27045,2.52,4.0550399999999955
27047,0.0,0.31016
27049,4.36,5.219359999999994
27051,0.0,0.6561600000000001
27053,10.53,11.55084000000003
27055,2.23,3.3903600000000087
27057,0.0,1.5090800000000004
27059,9.74,11.176639999999962
27061,7.87,6.951559999999973
27063,0.0,0.07816
27065,8.04,9.833119999999987
27067,2.31,4.524919999999982
27069,0.0,0.0
27071,5.24,5.716000000000007
27073,0.0,0.0
27075,5.24,3.5011600000000045
27077,0.0,1.96068
27079,0.94,5.309560000000018
27081,0.0,0.026
27083,0.0,1.1052
27085,5.51,5.817919999999996
27087,0.0,0.80356
27089,0.0,1.0586399999999998
27091,0.0,0.14027999999999996
27093,0.0,2.6514
27095,6.96,10.912400000000021
27097,5.63,7.341360000000028
27099,1.26,2.0838799999999953
27101,0.0,0.0
27103,0.31,2.8891599999999906
27105,0.0,1.7391599999999994
27107,0.0,0.00212
27109,7.55,6.544599999999982
27111,3.81,3.932959999999984
27113,0.37,3.9554000000000022
27115,8.09,9.923879999999997
27117,0.0,0.07592
27119,0.0,3.8257199999999987
27121,2.44,2.4095600000000026
27123,12.24,13.406559999999953
27125,0.0,2.9053600000000004
27127,0.0,1.4938399999999996
27129,1.02,0.8840800000000023
27131,2.81,6.9639599999999815
27133,0.0,0.51876
27135,0.0,2.0460799999999995
27137,10.49,12.318239999999959
27139,6.6,8.192639999999976
27141,10.26,11.057680000000039
27143,3.9,3.8559599999999916
27145,9.25,9.871599999999995
27147,0.0,2.810760000000001
27149,0.0,1.5789200000000008
27151,0.0,0.02388
27153,4.11,5.502679999999988
27155,0.0,0.012320000000000008
27157,2.52,2.7131199999999924
27159,0.0,0.9240400000000003
27161,0.0,2.9826000000000006
27163,9.53,10.546280000000019
27165,0.0,4.02756
27167,0.0,2.60076
27169,3.97,4.459880000000013
27171,7.51,8.903800000000007
27173,0.0,0.10216
28001,0.0,1.36292
28003,15.04,16.372559999999975
28005,0.0,2.4860800000000003
28007,0.0,1.2968400000000004
28009,0.0,1.7411200000000004
28011,0.0,0.6091599999999998
28013,0.27,2.1823199999999936
28015,0.0,1.7794400000000004
28017,0.21,1.7352799999999948
28019,0.0,2.4681199999999994
28021,0.0,2.09352
28023,1.25,2.6807999999999996
28025,0.0,1.4552000000000005
28027,0.0,1.0973199999999999
28029,5.13,6.651280000000021
28031,8.26,7.321679999999994
28033,8.53,9.907880000000011
28035,16.28,13.992040000000054
28037,0.0,0.84224
28039,11.02,13.189439999999992
28041,0.0,4.4846800000000036
28043,0.0,1.55072
28045,21.39,19.522280000000006
28047,22.51,19.30888000000008
28049,4.7,6.506640000000019
28051,0.0,0.9201999999999997
28053,0.0,0.09247999999999999
28055,0.0,0.4910400000000001
28057,16.74,16.53503999999993
28059,21.44,18.393879999999996
28061,3.41,3.7578399999999945
28063,0.0,2.94896
28065,0.0,1.3372
28067,9.61,9.254359999999988
28069,0.0,1.27292
28071,0.71,3.582320000000008
28073,10.79,11.70519999999998
28075,0.25,2.0346800000000003
28077,4.62,4.98827999999999
28079,1.17,2.6544799999999986
28081,0.19,3.1332800000000125
28083,0.0,0.6162
28085,2.14,4.174439999999996
28087,2.22,3.747880000000012
28089,4.7,6.590840000000018
28091,9.67,7.607880000000016
28093,0.0,2.4114400000000002
28095,9.78,8.686439999999992
28097,0.0,2.84544
28099,0.0,2.0451599999999988
28101,1.01,2.6249999999999956
28103,0.0,1.24476
28105,0.0,1.9484000000000004
28107,0.59,1.4690399999999948
28109,19.72,17.016719999999946
28111,10.04,9.638359999999983
28113,8.56,7.527159999999978
28115,0.36,3.765720000000008
28117,6.39,9.612640000000011
28119,0.0,0.20504000000000003
28121,18.79,16.156919999999978
28123,5.82,5.7489599999999985
28125,0.0,0.5075999999999999
28127,7.15,7.1314800000000185
28129,7.72,10.214039999999988
28131,19.09,16.03396000000004
28133,0.0,0.92508
28135,0.0,1.6939200000000005
28137,2.84,5.205359999999993
28139,0.0,4.4883999999999995
28141,17.67,15.942080000000034
28143,0.0,3.26156
28145,0.0,4.310960000000002
28147,8.68,6.853680000000006
28149,0.0,2.448920000000001
28151,0.0,0.75192
28153,2.51,4.374599999999995
28155,0.07,4.262040000000009
28157,0.0,1.06384
28159,0.0,1.1290400000000003
28161,0.0,2.0159999999999996
28163,0.0,1.88872
29001,0.0,4.501760000000002
29003,0.0,4.7139999999999995
29005,0.0,0.12156
29007,0.0,2.0124799999999996
29009,9.81,11.167679999999974
29011,13.21,11.436000000000021
29013,5.54,6.654559999999984
29015,4.1,4.313280000000007
29017,0.0,4.826080000000001
29019,13.28,12.786640000000036
29021,4.83,7.898999999999979
29023,37.14,30.541040000000088
29025,0.4,5.003120000000001
29027,4.43,8.212320000000009
29029,13.02,11.17335999999999
29031,14.35,13.581439999999963
29033,1.85,4.0892000000000115
29035,7.43,9.080000000000002
29037,13.99,14.856719999999951
29039,10.97,10.627359999999982
29041,0.53,0.5510400000000005
29043,14.0,13.371639999999998
29045,0.0,4.321559999999998
29047,9.77,10.83483999999999
29049,5.78,8.113159999999986
29051,5.93,6.4196400000000065
29053,0.0,5.738359999999998
29055,20.85,19.729359999999996
29057,17.5,12.742560000000005
29059,16.81,16.181679999999968
29061,0.0,1.7289599999999996
29063,1.21,5.393120000000008
29065,11.9,10.66072000000003
29067,0.0,1.8773199999999999
29069,17.52,17.05804
29071,26.49,23.102359999999905
29073,18.08,14.500679999999965
29075,0.0,3.5793600000000003
29077,23.09,19.59520000000004
29079,0.0,3.1814000000000004
29081,0.0,1.1801599999999999
29083,8.33,10.334759999999976
29085,8.48,10.10668000000001
29087,0.0,0.12324
29089,0.0,4.07836
29091,0.0,4.340880000000001
29093,0.0,4.558999999999998
29095,13.6,14.22563999999996
29097,14.35,15.384439999999955
29099,24.15,22.526679999999963
29101,13.8,12.752160000000023
29103,0.0,0.39168
29105,14.98,15.424760000000006
29107,8.16,8.125080000000025
29109,15.04,14.355599999999976
29111,0.0,4.09704
29113,5.66,9.496480000000007
29115,0.0,1.9827999999999992
29117,0.0,0.6713199999999999
29119,0.0,3.592680000000001
29121,0.0,1.2243600000000001
29123,6.48,10.147240000000007
29125,21.36,18.849599999999995
29127,0.0,4.19024
29129,0.0,3.2047600000000003
29131,11.92,12.944320000000028
29133,0.0,12.238639999999991
29135,0.0,0.60284
29137,0.0,3.34608
29139,2.02,5.106119999999988
29141,3.97,6.085640000000014
29143,0.0,4.001439999999999
29145,17.12,15.94615999999994
29147,0.0,3.9909199999999996
29149,0.0,4.313759999999999
29151,0.0,0.5320799999999999
29153,0.0,0.6243200000000001
29155,5.84,7.456199999999977
29157,13.02,9.68063999999999
29159,5.06,9.445839999999968
29161,37.76,29.138680000000104
29163,0.0,4.264079999999999
29165,12.66,12.326479999999973
29167,13.18,14.568559999999957
29169,26.33,21.22919999999998
29171,0.0,0.29435999999999996
29173,0.0,1.46708
29175,2.66,7.063480000000016
29177,6.59,10.063000000000006
29179,0.0,5.462200000000003
29181,14.86,17.38112
29183,16.98,14.649600000000007
29185,0.0,4.47452
29186,22.69,18.25424
29187,25.92,24.58944000000002
29189,16.12,14.888599999999954
29195,0.18,4.612159999999991
29197,0.0,4.093839999999999
29199,0.0,0.5638000000000001
29201,3.59,10.246640000000003
29203,0.0,2.99072
29205,0.0,0.18012
29207,9.18,10.855519999999986
29209,11.9,11.297360000000035
29211,0.0,3.5108000000000015
29213,5.18,7.118680000000013
29215,12.82,13.154320000000023
29217,5.62,7.8494399999999676
29219,13.85,13.787239999999954
29221,19.14,21.75564000000004
29223,0.0,6.854199999999999
29225,12.36,13.771720000000013
29227,0.0,0.46864000000000006
29229,8.39,10.538000000000004
29510,28.61,25.168079999999946
30001,1.39,1.7135999999999936
30003,0.0,0.81752
30005,0.0,1.2903999999999998
30007,0.0,3.522839999999999
30009,7.11,5.071799999999993
30011,0.0,0.46663999999999994
30013,13.44,11.74876000000003
30015,0.0,0.9926399999999997
30017,0.0,0.2757199999999999
30019,0.0,0.20216000000000003
30021,0.0,0.21228
30023,4.89,6.98632000000002
30025,0.0,0.19423999999999997
30027,0.0,0.40232000000000007
30029,7.48,8.11692000000001
30031,1.06,3.7071999999999923
30033,0.0,0.11631999999999999
30035,0.0,0.7465600000000001
30037,0.0,0.23076
30039,0.0,1.872239999999999
30041,0.0,3.5983999999999976
30043,9.13,7.679400000000023
30045,0.0,0.038079999999999996
30047,9.99,9.01539999999999
30049,24.88,18.22492000000005
30051,0.0,0.9766720000000001
30053,7.48,7.789000000000015
30055,0.0,0.0156
30057,3.45,3.0448000000000057
30059,0.0,1.9917999999999996
30061,0.0,7.273880000000001
30063,9.99,11.313039999999958
30065,0.0,0.46084
30067,3.11,3.074520000000006
30069,0.0,0.8254000000000001
30071,0.0,0.43411999999999995
30073,0.0,4.279319999999999
30075,0.0,0.23595999999999995
30077,10.59,10.052519999999994
30079,0.0,0.02844
30081,3.33,3.4628400000000097
30083,0.0,1.7357600000000004
30085,0.0,1.4427999999999999
30087,2.0,2.59492
30089,6.69,5.848160000000025
30091,0.0,0.11568
30093,4.71,9.430320000000021
30095,5.33,4.34368000000001
30097,0.0,0.10503999999999998
30099,0.0,0.01008
30101,0.0,0.2726
30103,0.0,0.6262800000000001
30105,0.0,0.0624
30107,0.0,0.47116
30109,0.0,3.274920000000001
30111,15.99,12.803399999999952
31001,0.0,3.060759999999999
31003,0.0,0.0
31005,0.0,0.29212000000000005
31007,0.0,0.20816
31009,0.0,0.07412285714285714
31011,0.0,0.0058
31013,0.0,0.6508400000000001
31015,0.0,0.0258
31017,0.0,0.0026
31019,0.0,1.2151200000000004
31021,0.0,1.2051999999999998
31023,0.0,0.0078
31025,3.35,6.2129599999999865
31027,0.0,0.050879999999999995
31029,0.0,0.06612000000000001
31031,0.0,0.0
31033,0.5,0.8977200000000001
31035,0.0,0.5632399999999999
31037,0.0,2.434240000000001
31039,0.32,0.21412000000000012
31041,0.0,0.0
31043,2.44,4.256320000000014
31045,0.0,1.76672
31047,0.0,1.09528
31049,0.0,0.00492
31051,0.0,0.36447999999999986
31053,1.94,6.4296400000000204
31055,9.72,11.106079999999977
31057,0.0,0.0
31059,0.0,0.00504
31061,0.0,0.03472
31063,0.0,0.40063999999999994
31065,0.0,0.00492
31067,0.99,2.228720000000004
31069,0.0,0.22288
31071,0.0,0.03167999999999999
31073,0.0,0.15268
31075,0.0,0.32119999999999993
31077,0.0,0.00212
31079,0.0,2.9950000000000014
31081,0.0,1.1862400000000002
31083,0.0,0.26084
31085,0.0,0.0019199999999999998
31087,0.0,0.09552
31089,0.0,0.0
31091,0.0,0.09128
31093,0.0,1.44428
31095,0.0,0.8429200000000003
31097,0.0,4.32864
31099,0.0,0.26632
31101,0.0,0.54744
31103,0.0,0.7377599999999997
31105,0.0,0.07751999999999999
31107,0.0,0.02216
31109,6.9,8.698360000000026
31111,0.0,4.4845599999999965
31113,0.0,1.9183104761904768
31115,0.0,0.01092
31117,0.0,0.8580000000000003
31119,0.0,0.5296000000000001
31121,0.0,2.3182
31123,0.0,0.30428000000000005
31125,0.0,1.7667199999999996
31127,0.0,1.04944
31129,0.0,0.018119999999999997
31131,0.0,0.39288000000000006
31133,0.0,0.04344
31135,0.0,0.0112
31137,0.0,0.2553200000000001
31139,0.0,0.34232000000000007
31141,0.0,2.477160000000001
31143,0.0,0.50548
31145,0.0,1.8175200000000007
31147,0.0,1.8586799999999999
31149,0.0,0.10900000000000001
31151,0.0,1.13028
31153,9.84,10.27664000000001
31155,0.0,1.2658800000000003
31157,0.76,2.3146799999999965
31159,0.0,2.9109999999999996
31161,0.0,0.3570400000000001
31163,0.0,0.00047999999999999996
31165,0.0,0.11072
31167,0.0,3.107720000000001
31169,0.0,0.00047999999999999996
31171,0.0,0.06744
31173,0.0,0.8050799999999999
31175,0.0,0.04376
31177,5.35,4.422000000000005
31179,0.0,0.53232
31181,0.0,0.08067999999999999
31183,0.0,1.542794666666667
31185,0.0,0.2869600000000001
32001,19.39,17.253959999999974
32003,23.15,19.90731999999999
32005,21.33,19.254199999999965
32007,11.47,10.818959999999976
32009,0.0,2.1894400000000003
32011,0.0,2.503466666666667
32013,9.92,13.408280000000024
32015,14.15,12.885080000000036
32017,21.73,17.679199999999987
32019,17.25,17.087959999999995
32021,0.0,3.1495200000000008
32023,29.99,27.397079999999907
32027,17.91,14.88519999999998
32029,23.12,20.077079999999945
32031,28.19,23.79171999999993
32033,16.49,14.227319999999942
32510,18.04,17.557399999999976
33001,18.27,15.527879999999984
33003,13.86,11.395759999999997
33005,22.1,18.424319999999977
33007,12.84,13.207280000000013
33009,15.27,10.916959999999987
33011,18.17,16.86356000000002
33013,10.92,10.077040000000016
33015,15.19,14.368160000000023
33017,13.73,13.903320000000011
33019,18.44,12.071160000000024
34001,21.51,19.217480000000084
34003,8.23,9.775720000000009
34005,13.12,13.305479999999953
34007,23.38,20.36616000000005
34009,15.53,17.715320000000048
34011,9.55,10.55876000000002
34013,8.53,10.40868000000001
34015,20.41,18.47487999999997
34017,7.8,9.282839999999991
34019,12.46,12.320280000000018
34021,10.35,11.999839999999976
34023,9.21,10.042720000000017
34025,15.21,14.25300000000002
34027,8.89,9.330240000000016
34029,14.5,14.103039999999998
34031,8.57,9.609560000000005
34033,22.76,20.732880000000108
34035,8.62,9.43235999999997
34037,12.12,12.734479999999953
34039,5.38,7.566120000000034
34041,12.92,13.258040000000031
35001,30.7,24.32283999999994
35003,19.71,17.259560000000018
35005,28.84,21.455800000000025
35006,25.33,17.884559999999965
35007,12.08,10.637999999999979
35009,0.0,4.665000000000001
35011,0.0,1.9282
35013,16.85,14.41507999999996
35015,12.18,11.997879999999972
35017,14.71,14.023000000000021
35019,0.0,3.969720000000001
35021,0.0,2.0931599999999997
35023,9.75,10.156440000000002
35025,22.93,15.475639999999968
35027,17.5,13.626640000000004
35028,40.47,27.229540000000036
35029,13.3,11.59860000000001
35031,18.62,13.981799999999954
35033,36.23,25.379999999999907
35035,21.31,18.928360000000005
35037,4.7,5.625040000000019
35039,71.7,48.6409200000001
35041,0.0,3.254080000000001
35043,20.86,17.377440000000018
35045,16.38,13.46472000000004
35047,44.37,33.68803999999995
35049,28.84,24.05808000000006
35051,19.36,15.046480000000024
35053,27.83,23.082279999999955
35055,40.0,32.0614
35057,27.01,22.781280000000095
35059,0.0,2.0221200000000006
35061,31.14,22.70348000000004
36001,9.88,11.693880000000043
36003,13.03,12.612840000000032
36005,9.63,9.719720000000034
36007,12.06,13.852839999999974
36009,12.86,13.669280000000013
36011,15.05,14.59992000000004
36013,10.42,12.692600000000029
36015,15.76,14.61828000000006
36017,11.36,12.307200000000007
36019,15.86,16.340200000000028
36021,12.72,13.656239999999942
36023,11.89,12.685839999999995
36025,17.12,15.814519999999957
36027,12.75,12.694359999999996
36029,12.2,13.014639999999973
36031,8.06,8.541679999999973
36033,7.93,10.39827999999998
36035,3.17,9.283360000000012
36037,10.74,10.829679999999973
36039,12.1,12.197319999999964
36041,0.0,0.15952
36043,5.5,10.048960000000001
36045,15.27,16.02131999999999
36047,7.54,9.520959999999981
36049,12.0,11.96
36051,11.42,12.136720000000023
36053,10.13,10.978280000000044
36055,9.39,10.942600000000004
36057,6.7,12.828959999999972
36059,11.01,11.571960000000034
36061,7.93,11.63391999999997
36063,11.11,12.198720000000003
36065,6.83,9.683199999999978
36067,9.64,11.097360000000009
36069,11.96,12.53192000000002
36071,13.87,13.33815999999995
36073,10.25,14.450880000000005
36075,13.91,16.106479999999973
36077,9.68,9.832999999999995
36079,10.01,11.012360000000026
36081,6.36,9.317439999999989
36083,12.31,12.83107999999997
36085,16.79,15.452999999999978
36087,6.03,7.579279999999982
36089,8.14,11.059280000000003
36091,6.34,7.961239999999974
36093,8.38,9.993800000000043
36095,10.12,12.442639999999962
36097,13.28,12.615720000000033
36099,12.93,11.602439999999968
36101,13.54,13.841519999999981
36103,18.61,16.327400000000026
36105,40.31,31.009320000000123
36107,13.63,13.45932000000005
36109,10.81,9.80563999999997
36111,13.7,13.748039999999959
36113,3.17,7.773160000000014
36115,11.79,13.133319999999973
36117,12.22,15.31343999999995
36119,9.52,11.510159999999983
36121,11.47,11.846719999999959
36123,13.28,11.99492000000003
37001,13.7,14.092719999999959
37003,26.96,22.426880000000022
37005,18.1,18.885039999999982
37007,14.23,11.56996000000001
37009,16.3,18.57540000000005
37011,20.14,17.193519999999978
37013,10.96,11.512080000000019
37015,0.0,1.6388800000000001
37017,17.81,14.080639999999967
37019,26.34,24.676320000000047
37021,14.91,16.02335999999996
37023,17.6,17.818719999999974
37025,9.37,11.081399999999954
37027,15.78,17.149320000000028
37029,6.19,7.908840000000024
37031,26.72,23.405640000000002
37033,13.63,10.906040000000042
37035,18.81,18.0062
37037,12.48,12.992120000000012
37039,66.19,47.31976000000001
37041,0.0,3.0084400000000007
37043,34.18,27.63484000000006
37045,13.33,15.226999999999967
37047,22.53,16.612000000000062
37049,15.13,14.80176000000006
37051,14.47,12.628639999999967
37053,5.46,7.574600000000019
37055,0.0,5.793160000000001
37057,22.74,21.280199999999926
37059,21.7,19.475839999999952
37061,12.48,9.767840000000005
37063,9.88,10.99832000000004
37065,12.14,10.978919999999995
37067,14.93,15.050039999999958
37069,8.98,10.276920000000008
37071,20.77,20.254720000000052
37073,3.12,4.959719999999986
37075,33.98,26.743599999999915
37077,8.89,7.915440000000032
37079,16.18,12.736119999999973
37081,10.3,11.64320000000002
37083,6.64,5.982640000000012
37085,10.9,10.850720000000033
37087,18.38,18.17676000000005
37089,15.75,16.84216
37091,0.0,0.7610800000000001
37093,18.35,15.282039999999963
37095,0.0,2.98776
37097,22.33,19.119439999999965
37099,21.12,18.14767999999995
37101,11.59,11.400240000000004
37103,0.0,4.246520000000002
37105,18.72,16.400159999999957
37107,20.22,16.363559999999946
37109,17.74,17.327199999999923
37111,19.23,18.98467999999997
37113,33.44,25.252799999999926
37115,20.17,20.554800000000043
37117,9.61,7.868399999999973
37119,8.37,10.353479999999958
37121,22.73,21.17659999999995
37123,0.0,3.594079999999999
37125,15.0,15.163960000000005
37127,11.44,11.483320000000035
37129,18.91,17.815479999999962
37131,0.0,2.0342399999999996
37133,12.8,11.892440000000024
37135,11.05,11.42736000000002
37137,13.36,12.55832000000001
37139,6.19,8.725520000000026
37141,18.3,17.55300000000005
37143,3.36,6.227199999999989
37145,10.46,9.888120000000022
37147,15.34,13.834960000000033
37149,19.31,18.636360000000007
37151,16.86,15.858160000000016
37153,23.6,17.213159999999966
37155,16.97,12.426079999999963
37157,19.29,19.830399999999983
37159,26.81,23.864000000000065
37161,25.17,21.901320000000034
37163,17.26,13.697320000000053
37165,19.64,13.370919999999984
37167,18.14,17.309079999999984
37169,29.63,25.85508000000006
37171,21.71,20.334520000000033
37173,17.69,14.016480000000026
37175,20.21,18.620840000000026
37177,3.61,4.636759999999998
37179,12.82,13.004720000000036
37181,8.93,7.793120000000013
37183,6.24,8.448799999999993
37185,6.0,5.647799999999998
37187,4.11,4.817639999999997
37189,17.21,15.513960000000022
37191,12.13,12.023640000000052
37193,14.5,17.06476
37195,12.83,13.138119999999974
37197,19.03,17.827040000000036
37199,19.26,17.450840000000085
38001,0.0,0.22520000000000004
38003,0.0,0.12279999999999999
38005,0.0,0.46448
38007,0.0,1.0119600000000002
38009,0.0,0.0
38011,0.0,0.0
38013,0.0,0.014119999999999999
38015,0.0,0.93668
38017,2.79,4.060839999999992
38019,0.0,0.0
38021,0.0,0.0
38023,0.0,0.06952
38025,0.0,1.2470800000000002
38027,0.0,0.0598
38029,0.0,0.0
38031,0.0,0.0058
38033,0.0,0.0058
38035,0.0,2.22924
38037,0.0,0.02096
38039,0.0,0.046
38041,0.0,0.022200000000000004
38043,0.0,0.28492
38045,0.0,0.0
38047,0.0,0.08313200000000001
38049,0.0,0.26932000000000006
38051,0.0,1.8809200000000001
38053,0.0,1.6229599999999997
38055,0.0,0.0166
38057,0.0,0.42628
38059,0.0,0.5982799999999998
38061,0.0,2.1691999999999996
38063,0.0,0.29052
38065,0.0,0.5432
38067,0.0,0.0
38069,0.0,0.0
38071,0.0,0.9767600000000001
38073,0.0,0.08644
38075,0.0,0.32484
38077,2.44,1.8628799999999988
38079,0.0,0.7192000000000001
38081,0.0,0.05256
38083,0.0,0.5524399999999999
38085,0.0,0.33776
38087,0.0,0.18772
38089,0.0,0.37979999999999997
38091,0.0,0.060639999999999986
38093,0.0,0.46527999999999997
38095,0.0,0.05624
38097,0.0,0.08944
38099,0.0,0.10208
38101,0.0,0.6698000000000001
38103,0.0,0.07868
38105,0.0,0.21480000000000005
39001,36.84,34.40792000000007
39003,9.43,12.024919999999973
39005,13.05,13.181120000000028
39007,20.72,20.33167999999999
39009,20.07,18.175720000000027
39011,13.54,11.162639999999985
39013,23.64,20.479880000000016
39015,33.57,27.985359999999936
39017,23.78,21.83883999999999
39019,0.0,3.2868400000000015
39021,21.67,18.688800000000032
39023,26.87,22.81043999999995
39025,24.1,22.534800000000022
39027,22.13,20.170520000000046
39029,17.66,17.155399999999965
39031,16.73,15.703880000000002
39033,16.23,16.99904
39035,18.11,18.090719999999987
39037,21.19,17.95512000000001
39039,9.86,11.676519999999995
39041,7.85,8.91667999999997
39043,15.63,14.153320000000045
39045,10.88,12.89424000000004
39047,22.61,20.216559999999983
39049,20.7,18.13047999999995
39051,14.4,14.67756000000004
39053,29.26,26.286040000000085
39055,15.02,13.740839999999992
39057,15.97,15.05119999999995
39059,15.21,15.757560000000016
39061,22.49,19.278839999999917
39063,14.66,13.424799999999985
39065,16.56,15.319319999999967
39067,18.36,16.245080000000026
39069,15.36,13.46088000000001
39071,31.02,26.8186000000001
39073,20.82,19.12976000000001
39075,14.92,23.308960000000038
39077,15.29,16.19679999999998
39079,32.42,29.096920000000033
39081,37.78,33.94691999999998
39083,17.95,16.599799999999952
39085,21.75,18.327000000000005
39087,27.2,23.570959999999936
39089,14.95,14.93787999999996
39091,20.08,18.746679999999973
39093,10.94,12.922760000000025
39095,14.77,14.190799999999998
39097,22.59,19.56184000000004
39099,20.65,19.2472
39101,19.63,18.001080000000048
39103,10.39,11.363079999999998
39105,19.52,19.94372000000004
39107,15.17,12.795560000000025
39109,15.56,15.435399999999966
39111,12.86,11.710200000000007
39113,24.55,20.767560000000056
39115,11.3,11.996960000000016
39117,14.8,14.427480000000038
39119,12.48,14.60204000000001
39121,0.0,4.93976
39123,17.82,15.50040000000004
39125,0.0,6.430239999999998
39127,16.68,19.74875999999998
39129,26.79,23.22655999999998
39131,45.41,36.50055999999994
39133,17.79,16.64879999999998
39135,23.39,19.909640000000007
39137,10.85,9.09011999999997
39139,13.76,14.007560000000053
39141,25.56,23.659040000000076
39143,23.05,20.15964000000006
39145,31.53,27.010479999999987
39147,17.67,16.871920000000042
39149,17.87,18.40415999999993
39151,12.26,13.884200000000057
39153,12.04,12.637479999999986
39155,28.67,23.666640000000037
39157,17.3,14.521880000000026
39159,18.49,16.576119999999932
39161,8.09,9.364559999999988
39163,24.72,25.00776000000001
39165,14.89,14.360879999999979
39167,8.46,9.906640000000014
39169,12.22,12.032279999999972
39171,15.1,13.96255999999996
39173,17.59,16.16504000000004
39175,17.05,16.085120000000053
40001,17.38,13.179920000000044
40003,4.53,3.2062799999999885
40005,23.54,19.81331999999998
40007,0.0,1.9932800000000004
40009,0.62,3.923600000000002
40011,5.58,3.816760000000011
40013,25.53,19.577440000000017
40015,9.26,8.124519999999995
40017,16.74,14.612599999999947
40019,41.58,28.82343999999996
40021,19.15,16.331360000000046
40023,19.61,13.518520000000015
40025,0.0,1.2386400000000006
40027,14.16,13.863319999999982
40029,23.18,18.341359999999984
40031,11.13,10.25268000000004
40033,18.2,13.137919999999973
40035,10.19,10.475560000000032
40037,28.38,22.443440000000034
40039,1.86,2.2200000000000077
40041,12.21,10.444160000000018
40043,0.0,0.08424000000000001
40045,0.0,0.02012
40047,18.13,14.581880000000048
40049,36.83,24.352399999999964
40051,23.02,20.47368000000004
40053,0.0,0.9732400000000002
40055,1.32,2.1209199999999977
40057,0.0,2.4579199999999997
40059,0.08,0.5428399999999995
40061,22.96,17.950520000000015
40063,0.0,2.3045600000000004
40065,0.0,3.8875199999999985
40067,28.04,17.744759999999992
40069,33.57,22.881719999999998
40071,6.27,8.637919999999989
40073,12.36,10.16619999999999
40075,4.66,6.431880000000011
40077,26.76,19.168560000000078
40079,31.6,23.679640000000028
40081,17.5,14.730240000000002
40083,14.31,13.110279999999971
40085,26.04,17.57735999999998
40087,26.03,21.154
40089,16.75,12.643679999999998
40091,12.36,10.573640000000001
40093,0.0,0.06080000000000001
40095,28.96,21.927960000000024
40097,15.64,13.227679999999989
40099,44.6,30.452760000000083
40101,22.53,16.720400000000055
40103,0.0,1.3898
40105,0.0,4.745680000000001
40107,0.0,1.9465999999999999
40109,19.39,17.235479999999995
40111,17.36,13.278520000000018
40113,11.76,10.836160000000033
40115,9.78,10.464120000000015
40117,15.2,13.618279999999968
40119,14.1,12.228039999999963
40121,21.92,18.23944000000003
40123,47.62,32.63383999999994
40125,25.61,18.628639999999997
40127,25.96,19.986520000000024
40129,0.0,0.57088
40131,13.68,13.86447999999997
40133,18.31,13.033239999999974
40135,22.58,16.391199999999976
40137,24.34,19.066000000000045
40139,0.0,4.0967600000000015
40141,9.69,7.922640000000027
40143,18.34,16.561760000000035
40145,17.54,15.338799999999978
40147,25.25,18.784
40149,1.86,2.588320000000008
40151,1.02,0.7814000000000019
40153,0.0,2.03752
41001,0.0,3.06908
41003,11.64,11.237399999999997
41005,12.62,12.809239999999953
41007,32.3,27.22828000000009
41009,21.01,20.364280000000093
41011,12.09,15.141600000000036
41013,3.12,7.521199999999966
41015,18.24,16.789079999999927
41017,12.47,12.596719999999959
41019,12.09,15.139040000000028
41021,0.0,7.055320000000003
41023,0.0,5.836519999999999
41025,0.0,5.8338399999999995
41027,10.34,9.357839999999987
41029,15.62,15.37567999999995
41031,8.91,11.191639999999987
41033,19.28,19.831760000000024
41035,16.59,17.787520000000033
41037,17.03,15.079160000000053
41039,14.71,15.617960000000012
41041,13.18,14.045879999999952
41043,18.62,18.186959999999942
41045,4.4,6.652560000000018
41047,10.35,11.19175999999997
41049,0.0,5.574320000000003
41051,19.79,18.556479999999983
41053,13.75,14.061799999999998
41055,0.0,2.7466399999999993
41057,16.73,13.67548000000001
41059,1.75,5.954600000000001
41061,0.0,4.021920000000001
41063,0.0,1.9465599999999996
41065,5.31,9.472079999999973
41067,9.44,11.159000000000018
41069,0.0,2.6481599999999994
41071,12.0,13.051080000000002
42001,10.84,9.140759999999984
42003,20.13,19.460480000000054
42005,21.88,19.67416000000005
42007,22.3,20.27616000000007
42009,19.84,16.465960000000035
42011,15.75,15.716279999999996
42013,20.46,17.590640000000015
42015,15.89,14.753919999999981
42017,21.54,19.22067999999998
42019,16.23,14.966520000000015
42021,18.79,20.433519999999984
42023,15.1,14.147879999999969
42025,21.49,22.046799999999916
42027,15.98,14.166200000000014
42029,14.49,13.33763999999995
42031,20.63,16.090040000000048
42033,12.28,14.943600000000048
42035,12.92,13.695400000000024
42037,13.13,14.08956000000005
42039,13.52,15.070279999999993
42041,10.09,9.935079999999996
42043,11.9,13.21220000000004
42045,26.45,20.67167999999994
42047,17.91,14.676999999999957
42049,17.44,15.96708000000003
42051,31.6,29.30828000000007
42053,21.6,18.467440000000003
42055,9.28,10.226760000000017
42057,15.18,14.291639999999965
42059,25.89,19.90632000000001
42061,15.2,14.275639999999957
42063,26.88,22.956880000000066
42065,20.42,18.005640000000025
42067,11.22,12.27807999999997
42069,19.14,18.38204000000001
42071,11.27,12.18367999999999
42073,24.3,21.369880000000062
42075,13.8,11.91224000000002
42077,17.28,16.441760000000063
42079,16.84,17.387840000000043
42081,8.57,10.709680000000013
42083,16.25,15.358440000000003
42085,14.63,14.124600000000047
42087,13.59,14.09124000000003
42089,13.54,12.633319999999987
42091,14.05,13.632000000000023
42093,10.63,9.568240000000038
42095,15.41,14.586999999999977
42097,12.69,14.693240000000028
42099,10.99,11.77575999999996
42101,28.38,24.052960000000063
42103,21.11,18.193320000000007
42105,12.65,11.417600000000029
42107,16.27,16.438279999999995
42109,11.95,11.687919999999984
42111,23.37,19.964719999999954
42113,13.77,9.799039999999993
42115,15.18,14.619839999999963
42117,13.41,12.33567999999998
42119,12.62,11.363559999999953
42121,23.77,20.09744000000004
42123,17.35,14.269279999999968
42125,18.72,17.902959999999958
42127,20.22,17.51639999999997
42129,21.68,19.228439999999992
42131,16.16,14.23571999999998
42133,13.05,14.634600000000045
44001,21.08,19.277239999999974
44003,25.98,20.83771999999995
44005,20.21,17.46520000000001
44007,18.51,16.46520000000007
44009,15.01,14.60028000000005
45001,12.75,11.363600000000002
45003,14.94,14.144800000000025
45005,0.0,1.18964
45007,18.04,18.288359999999983
45009,6.03,5.680159999999987
45011,7.63,7.149560000000031
45013,10.32,12.358280000000022
45015,10.35,10.847719999999969
45017,0.0,2.2911599999999996
45019,15.38,14.745360000000053
45021,18.22,20.095959999999987
45023,14.42,11.291080000000026
45025,14.76,11.833600000000038
45027,8.3,7.972039999999981
45029,8.91,8.12360000000002
45031,12.92,11.400280000000032
45033,12.66,10.212200000000001
45035,9.94,10.222840000000021
45037,11.98,11.01504000000001
45039,13.11,10.702319999999997
45041,10.16,10.427880000000007
45043,12.2,12.711159999999971
45045,15.39,15.219239999999974
45047,11.75,12.824519999999994
45049,3.51,5.034879999999995
45051,10.86,14.850360000000036
45053,0.0,2.5154800000000006
45055,11.93,11.56015999999998
45057,15.4,14.454800000000041
45059,15.81,14.057599999999972
45061,10.16,8.432440000000021
45063,16.47,15.223119999999941
45065,7.81,6.692639999999973
45067,11.36,9.090119999999985
45069,16.61,11.488480000000003
45071,13.88,12.018920000000048
45073,28.22,24.849880000000017
45075,10.1,9.24103999999997
45077,26.76,23.738760000000077
45079,9.51,9.971840000000029
45081,14.46,12.184120000000018
45083,20.92,19.209280000000042
45085,7.63,8.51776000000004
45087,16.02,12.973239999999988
45089,10.9,8.260640000000027
45091,13.45,14.389159999999968
46003,0.0,0.28776
46005,0.0,0.8076000000000001
46007,0.0,0.30368
46009,0.0,0.66356
46011,0.0,2.4381200000000005
46013,0.0,0.19060000000000005
46015,0.0,0.49700000000000005
46017,0.0,0.47096000000000005
46019,0.0,2.3166800000000003
46021,0.0,0.09792
46023,0.0,2.1159200000000005
46025,0.0,0.04996
46027,0.25,3.1571200000000013
46029,0.0,1.3099199999999998
46031,0.0,1.19592
46033,0.0,0.8133200000000003
46035,0.0,0.76932
46037,0.0,0.04932
46039,0.0,0.9272400000000002
46041,0.0,0.43868000000000007
46043,0.0,0.03623999999999998
46045,0.0,0.03804
46047,0.0,2.8062
46049,0.0,0.69432
46051,0.0,0.1254
46053,0.0,0.14392
46055,0.0,0.0176
46057,0.0,0.50292
46059,0.0,0.05104
46061,0.0,2.064642857142856
46063,0.0,0.35603999999999997
46065,0.0,0.8073599999999999
46067,0.0,0.00408
46069,0.0,0.040920000000000005
46071,0.0,0.8382399999999999
46073,0.0,0.0988
46075,0.0,0.083
46077,0.0,0.0
46079,1.26,1.020279999999997
46081,0.0,1.53672
46083,1.51,3.3156328571428526
46085,0.0,1.0905199999999997
46087,0.0,0.15583999999999998
46089,0.0,0.3360000000000001
46091,0.0,0.11964000000000001
46093,0.0,4.306199999999999
46095,0.0,1.5184800000000003
46097,0.0,0.0
46099,7.57,6.931959999999992
46101,0.0,0.67384
46102,0.0,6.30951860317461
46103,0.0,4.205960000000001
46105,0.0,0.13
46107,0.0,0.5512400000000001
46109,0.0,1.76636
46111,0.0,0.09708
46115,0.0,0.03044
46117,0.0,2.6796000000000006
46119,0.0,0.444952
46121,0.0,0.48952000000000007
46123,0.0,0.7497999999999999
46125,0.0,0.10491999999999994
46127,0.0,0.8058800000000002
46129,0.0,0.39003999999999994
46135,0.0,0.7775599999999998
46137,0.0,1.5676799999999997
47001,23.93,19.75484000000001
47003,7.85,9.770959999999965
47005,10.99,16.12599999999993
47007,18.35,21.407440000000044
47009,19.37,18.655119999999954
47011,16.99,17.510759999999934
47013,39.49,38.01463999999989
47015,11.68,13.806599999999964
47017,12.96,12.564720000000015
47019,26.23,24.293919999999904
47021,30.71,25.75860000000002
47023,24.92,21.540960000000037
47025,42.06,38.79792000000005
47027,29.74,26.780719999999906
47029,25.75,27.10208000000001
47031,11.83,14.575479999999976
47033,5.6,7.04799999999998
47035,17.66,18.91351999999996
47037,16.37,15.22039999999995
47039,21.19,22.63499999999995
47041,16.18,15.971599999999954
47043,17.55,18.495280000000058
47045,4.22,7.156560000000011
47047,2.65,5.272920000000007
47049,31.22,28.39000000000004
47051,12.99,13.689719999999953
47053,5.6,7.816919999999981
47055,10.02,12.443439999999987
47057,33.27,30.49140000000015
47059,21.63,22.443960000000057
47061,15.39,20.857600000000012
47063,42.82,35.930679999999924
47065,13.5,14.641920000000002
47067,37.92,35.383880000000026
47069,6.46,4.825480000000011
47071,38.65,30.678199999999915
47073,44.11,35.17179999999994
47075,0.0,1.0002399999999998
47077,24.92,22.233600000000035
47079,6.87,10.87195999999996
47081,9.39,13.981239999999984
47083,14.43,13.97607999999997
47085,10.34,11.539640000000006
47087,44.11,37.78247999999997
47089,23.23,22.95387999999994
47091,19.3,24.379880000000067
47093,19.68,17.528919999999964
47095,0.0,3.334880000000001
47097,3.34,3.367320000000007
47099,8.62,11.518719999999952
47101,4.69,9.054760000000021
47103,10.01,11.43032000000003
47105,22.34,19.616000000000046
47107,22.85,20.102639999999997
47109,21.27,20.387400000000046
47111,17.0,19.53872
47113,11.2,11.098039999999992
47115,14.17,15.837920000000025
47117,8.64,11.7674
47119,8.23,11.565320000000014
47121,23.55,21.88544000000006
47123,32.69,27.81907999999991
47125,11.32,11.00056000000002
47127,10.67,10.777560000000028
47129,27.48,23.666559999999915
47131,0.0,4.289439999999999
47133,67.66,50.800279999999916
47135,0.0,3.885839999999998
47137,34.26,28.35680000000011
47139,35.83,32.715839999999965
47141,20.56,19.019720000000014
47143,23.89,22.465120000000038
47145,40.86,32.013719999999914
47147,20.86,20.092999999999982
47149,7.07,9.561000000000007
47151,22.73,27.0792799999999
47153,16.0,17.654600000000002
47155,15.31,15.695839999999963
47157,10.59,12.23812000000002
47159,19.43,19.406439999999986
47161,11.16,14.701359999999971
47163,14.61,15.769160000000031
47165,13.44,15.016720000000028
47167,4.41,6.804800000000012
47169,0.0,5.537320000000001
47171,21.15,20.605399999999985
47173,27.7,32.29575999999991
47175,18.01,17.169600000000063
47177,15.99,16.412319999999937
47179,16.89,15.680679999999969
47181,14.35,16.602039999999956
47183,1.87,8.23919999999997
47185,18.1,17.45075999999998
47187,10.61,10.275199999999993
47189,16.29,16.64511999999998
48001,6.79,8.01195999999998
48003,13.78,11.557800000000027
48005,15.97,13.307199999999966
48007,18.64,17.918359999999993
48009,4.78,3.4597999999999884
48011,0.0,0.46872
48013,4.96,6.669880000000014
48015,2.2,5.505280000000017
48017,0.0,0.46124000000000004
48019,9.28,8.846560000000002
48021,13.31,12.216919999999975
48023,3.26,4.528319999999995
48025,0.0,2.6114
48027,7.3,8.357119999999982
48029,15.03,13.879680000000048
48031,0.0,2.0958399999999995
48033,0.0,0.1804
48035,3.7,5.392440000000016
48037,4.25,7.43216
48039,13.75,12.589480000000004
48041,9.61,10.602520000000004
48043,0.0,3.1515600000000017
48045,0.0,2.91976
48047,0.0,2.0346
48049,0.44,1.7411599999999994
48051,7.23,7.523000000000007
48053,6.07,6.642079999999988
48055,8.79,8.805839999999984
48057,17.88,16.38988000000006
48059,2.64,5.862480000000014
48061,2.66,3.953799999999992
48063,0.0,3.5150000000000015
48065,2.32,2.3690400000000027
48067,5.64,7.594360000000027
48069,0.0,2.7657599999999998
48071,13.59,11.889360000000009
48073,8.57,7.789439999999988
48075,0.0,0.5296
48077,13.67,11.104160000000018
48079,0.0,1.54144
48081,0.0,4.498519999999999
48083,0.0,3.396160000000001
48085,8.5,8.676480000000005
48087,0.0,1.4410399999999999
48089,0.0,0.9925600000000003
48091,9.82,10.873480000000008
48093,0.0,3.1888800000000015
48095,0.0,2.00012
48097,15.14,13.128679999999985
48099,4.11,6.826199999999985
48101,0.0,2.07124
48103,0.0,1.782160000000001
48105,0.36,3.8072400000000086
48107,1.16,2.4495200000000037
48109,0.0,3.13104
48111,0.0,0.47216
48113,9.93,9.691319999999994
48115,3.67,4.457759999999994
48117,2.62,3.9824000000000024
48119,9.78,9.806680000000007
48121,10.49,10.871759999999979
48123,9.63,9.135600000000036
48125,0.0,0.8632000000000003
48127,0.0,1.3518400000000004
48129,0.0,1.04132
48131,1.48,1.7545200000000039
48133,1.5,4.785840000000001
48135,12.13,12.089760000000041
48137,0.0,2.0840799999999997
48139,9.21,9.970800000000013
48141,7.68,7.758760000000012
48143,1.5,6.141520000000001
48145,6.16,6.261840000000014
48147,16.63,14.195400000000042
48149,0.0,0.29960000000000003
48151,0.0,3.69452
48153,0.0,1.7637200000000008
48155,0.0,3.621479999999999
48157,6.59,7.128439999999987
48159,0.0,3.6692000000000022
48161,8.96,8.290280000000017
48163,0.12,1.618120000000003
48165,12.24,11.134759999999972
48167,15.55,14.781680000000033
48169,0.0,1.5828000000000002
48171,6.45,4.206440000000011
48173,0.0,0.7872200000000001
48175,8.56,6.3157199999999785
48177,7.43,8.303960000000014
48179,0.0,4.101520000000001
48181,19.77,17.43880000000001
48183,10.56,11.394079999999972
48185,7.41,7.172840000000022
48187,8.84,10.03856
48189,1.87,4.26704
48191,0.0,2.8054
48193,0.0,3.2744
48195,0.0,0.36563999999999997
48197,0.0,3.8010399999999995
48199,19.91,18.60259999999996
48201,9.21,9.672960000000014
48203,7.28,9.39096000000001
48205,0.0,0.88356
48207,0.0,2.26124
48209,7.31,8.473639999999966
48211,0.0,0.35375999999999985
48213,9.64,10.185720000000009
48215,2.51,3.2501999999999946
48217,7.37,9.168679999999963
48219,1.62,4.493759999999998
48221,6.0,5.676679999999997
48223,8.26,9.260920000000011
48225,0.0,2.59188
48227,0.0,3.00132
48229,0.0,3.7364
48231,12.71,14.056560000000013
48233,0.0,4.9201999999999995
48235,0.0,2.3404800000000003
48237,0.0,3.326640000000001
48239,11.67,10.087360000000022
48241,14.73,11.937720000000015
48243,0.0,1.59916
48245,13.84,13.354720000000027
48247,0.0,3.1484000000000005
48249,6.58,7.005199999999985
48251,7.86,8.886759999999976
48253,0.0,2.4927200000000003
48255,5.63,3.9796799999999974
48257,9.49,10.027199999999983
48259,10.45,9.000920000000008
48261,0.0,2.48316
48263,0.0,0.89224
48265,22.1,19.56884000000001
48267,3.68,3.0414399999999904
48269,0.0,0.9478119999999999
48271,0.0,3.1566400000000003
48273,6.21,7.50208000000001
48275,0.0,2.5182800000000007
48277,17.31,15.675959999999977
48279,1.62,3.0426000000000033
48281,2.91,6.31980000000001
48283,0.0,0.9986400000000001
48285,7.2,8.300240000000018
48287,7.3,6.479439999999985
48289,6.43,7.16812000000001
48291,15.75,14.207280000000004
48293,7.07,5.638479999999998
48295,0.0,0.15947999999999998
48297,2.02,2.7105199999999923
48299,2.5,5.0035599999999985
48301,0.0,2.4783273333333344
48303,8.1,10.413039999999974
48305,0.0,1.6460800000000002
48307,0.0,3.1542000000000003
48309,5.03,8.440599999999987
48311,0.0,2.2765200000000005
48313,5.98,6.600080000000011
48315,0.0,4.414960000000001
48317,6.12,4.688879999999994
48319,0.0,0.5674399999999999
48321,14.44,13.041280000000025
48323,1.85,3.304120000000009
48325,4.98,6.850400000000006
48327,0.0,2.27964
48329,10.69,7.9301600000000265
48331,7.3,6.494679999999986
48333,0.0,3.2448
48335,0.0,0.7038800000000002
48337,11.86,11.112840000000007
48339,9.33,10.299319999999975
48341,1.92,3.5538399999999903
48343,1.41,4.732520000000003
48345,0.0,0.08552
48347,7.98,8.240640000000008
48349,8.29,9.822479999999985
48351,12.09,11.531960000000009
48353,2.06,6.312359999999977
48355,18.64,16.184639999999973
48357,0.0,3.172920000000001
48359,0.0,2.966799999999999
48361,23.03,21.43756
48363,4.41,8.313160000000023
48365,5.58,8.51831999999998
48367,10.14,11.730400000000003
48369,0.0,0.7806000000000002
48371,0.0,2.0582400000000005
48373,21.87,17.90515999999995
48375,13.08,11.214599999999976
48377,0.0,3.71268
48379,12.71,12.251600000000021
48381,3.14,4.7609200000000005
48383,3.27,3.140019999999994
48385,0.0,4.05496
48387,5.7,9.482999999999997
48389,0.0,1.5075600000000002
48391,12.44,9.178680000000025
48393,0.0,1.0717999999999996
48395,7.25,8.2644
48397,10.16,11.43155999999999
48399,3.9,3.7287599999999905
48401,7.19,7.758720000000025
48403,7.36,11.100120000000004
48405,9.21,8.799400000000018
48407,15.65,15.638640000000029
48409,9.72,10.850319999999977
48411,0.0,1.6622400000000002
48413,0.0,2.9467600000000003
48415,0.0,3.793040000000001
48417,0.0,1.0151600000000003
48419,0.0,1.76052
48421,0.0,3.183040000000001
48423,11.72,12.775519999999972
48425,0.0,0.6720799999999999
48427,0.84,2.313639999999996
48429,1.48,1.8324800000000039
48431,0.0,1.5465999999999993
48433,0.0,0.42676000000000003
48435,0.0,0.5031199999999999
48437,0.63,4.012959999999996
48439,9.57,10.799680000000015
48441,10.55,11.129520000000023
48443,0.0,0.33724
48445,3.66,3.9883999999999937
48447,0.0,0.4367200000000002
48449,0.0,4.297719999999999
48451,8.94,10.472520000000028
48453,14.49,13.614239999999945
48455,12.36,11.571240000000003
48457,0.0,3.815800000000001
48459,5.3,7.554679999999982
48461,0.0,0.6238400000000001
48463,0.0,1.8
48465,0.0,1.6861599999999997
48467,10.55,10.66008000000001
48469,17.13,15.808320000000043
48471,8.33,11.168559999999985
48473,6.42,8.078840000000017
48475,2.43,2.683999999999999
48477,4.78,5.040599999999989
48479,7.41,6.466680000000007
48481,8.11,9.468479999999982
48483,0.0,0.8564400000000002
48485,19.13,16.68240000000006
48487,0.0,3.4335999999999993
48489,1.72,2.5961600000000113
48491,8.58,9.35383999999998
48493,11.93,11.511399999999977
48495,9.37,8.539759999999973
48497,7.55,9.993000000000011
48499,6.11,8.94515999999999
48501,0.0,1.8359599999999998
48503,2.13,4.284720000000002
48505,2.75,4.594039999999998
48507,0.46,1.7936799999999962
49001,0.0,6.606599999999997
49003,19.88,16.27624000000005
49005,10.36,10.96812
49007,70.36,50.847160000000116
49009,0.0,1.3712400000000002
49011,9.94,10.862400000000028
49013,23.32,18.709040000000016
49015,24.9,15.923380000000043
49017,0.0,0.2674
49019,0.0,5.787800000000002
49021,34.23,25.883159999999922
49023,18.6,16.081039999999962
49025,0.0,0.4250400000000001
49027,13.44,11.85808000000003
49029,13.88,13.669531523809571
49031,0.0,1.20108
49033,0.0,0.9385600000000001
49035,20.4,17.72796000000001
49037,9.35,8.323359999999976
49039,24.77,18.881240000000027
49041,4.48,5.779520000000012
49043,10.59,9.328159999999992
49045,20.23,18.287079999999964
49047,22.13,18.776600000000048
49049,16.97,15.44683999999995
49051,18.68,15.750279999999963
49053,14.82,14.263960000000047
49055,6.46,5.047400000000011
49057,25.17,20.59308000000003
50001,14.84,12.18072000000001
50003,18.27,15.65635999999998
50005,13.74,12.787199999999954
50007,13.33,11.261039999999968
50009,12.84,14.183640000000025
50011,13.96,14.863840000000014
50013,14.6,13.614439999999965
50015,13.65,12.273560000000034
50017,15.41,14.389719999999965
50019,13.48,13.119840000000005
50021,19.58,16.960319999999964
50023,13.49,12.529159999999951
50025,22.59,19.120160000000045
50027,19.72,16.93643999999995
51001,9.45,9.076840000000008
51003,5.12,5.319519999999982
51005,0.0,3.1853200000000013
51007,0.0,4.168679999999999
51009,4.69,7.324280000000021
51011,1.58,6.694559999999993
51013,4.63,5.471600000000018
51015,3.0,3.54812
51017,0.0,0.043039999999999995
51019,9.83,8.394359999999986
51021,54.2,38.524080000000005
51023,0.0,2.04308
51025,0.0,1.2766799999999998
51027,42.41,44.57767999999993
51029,0.0,3.3125999999999993
51031,9.39,9.987320000000016
51033,5.97,7.076280000000012
51035,27.44,26.40975999999992
51036,5.16,5.360840000000008
51037,4.74,4.981680000000005
51041,9.68,10.096399999999987
51043,15.19,11.953800000000024
51045,0.0,2.16124
51047,15.66,14.74935999999997
51049,0.0,1.42584
51051,63.53,61.02888000000013
51053,3.23,5.3384000000000125
51057,2.73,5.159120000000008
51059,4.72,5.751360000000015
51061,22.7,19.117839999999948
51063,22.47,19.133679999999973
51065,0.0,2.3246799999999994
51067,23.04,21.956159999999986
51069,12.55,13.19224000000004
51071,31.35,23.708640000000035
51073,1.17,5.095519999999999
51075,5.28,7.512119999999986
51077,25.81,26.086600000000086
51079,14.28,12.424680000000034
51081,0.0,1.0912
51083,12.84,9.913479999999995
51085,5.55,6.964615999999979
51087,10.95,12.179159999999978
51089,22.33,19.83031999999996
51091,0.0,0.5860400000000001
51093,2.23,5.325200000000004
51095,2.34,4.014040000000004
51097,0.0,4.83432
51099,9.5,10.084519999999996
51101,0.0,4.171
51103,0.0,3.1158000000000006
51105,40.49,40.494479999999896
51107,5.22,6.981040000000011
51109,5.6,7.508759999999981
51111,0.0,2.1460000000000004
51113,15.38,11.537120000000035
51115,1.17,3.368999999999989
51117,6.11,6.826959999999977
51119,0.47,1.1527600000000016
51121,13.78,13.350240000000042
51125,2.23,3.607520000000008
51127,0.0,4.62956
51131,0.0,1.1956800000000003
51133,0.0,0.7001999999999999
51135,0.0,1.0120000000000002
51137,10.84,11.459280000000012
51139,16.63,17.834840000000053
51141,24.18,23.168120000000034
51143,18.38,18.390000000000057
51145,5.16,5.586960000000011
51147,0.0,2.221439999999999
51149,6.24,7.471160000000004
51153,6.92,7.76924000000002
51155,28.9,25.89643999999994
51157,18.39,12.735399999999993
51159,0.0,2.3115199999999985
51161,12.9,9.644080000000027
51163,0.87,1.1192000000000024
51165,10.66,8.51688000000002
51167,48.7,48.27472000000009
51169,32.23,27.58667999999991
51171,14.68,12.057199999999977
51173,43.64,40.12848000000002
51175,0.37,1.9962400000000022
51177,11.26,11.996680000000037
51179,13.03,11.755080000000024
51181,0.0,2.6791600000000004
51183,1.97,3.911240000000013
51185,53.67,43.56708000000003
51187,16.81,17.317359999999987
51191,20.06,19.45952000000003
51193,3.17,3.5721199999999937
51195,33.68,36.39020000000008
51197,41.55,32.27152000000008
51199,5.27,6.102079999999989
51510,7.62,6.804039999999982
51520,17.34,21.55884000000006
51530,0.87,6.650039999999978
51540,0.0,5.046000000000001
51550,7.11,8.227799999999972
51570,9.68,11.463919999999971
51580,0.0,4.6850000000000005
51590,13.63,12.68608000000004
51595,0.0,0.80864
51600,4.72,6.227520000000016
51610,4.68,7.494960000000008
51620,0.0,1.6623200000000002
51630,11.26,13.036960000000049
51640,26.62,22.991399999999953
51650,9.53,10.147680000000017
51660,10.66,12.970639999999984
51670,9.68,10.459959999999988
51678,0.0,1.5529399999999998
51680,9.39,9.707720000000016
51683,6.92,10.015160000000026
51685,6.92,7.352520000000007
51690,22.33,19.685559999999963
51700,6.68,8.356560000000009
51710,12.36,12.738560000000012
51720,0.0,1.9417200000000008
51730,9.68,9.524679999999993
51735,9.53,9.743840000000004
51740,13.59,12.292360000000018
51750,0.0,5.3552399999999984
51760,16.54,16.40683999999998
51770,15.51,15.690280000000074
51775,15.51,15.405760000000054
51790,3.0,8.100040000000002
51800,6.0,7.520080000000003
51810,9.26,9.645400000000016
51820,3.0,8.505959999999998
51830,2.34,6.77123999999999
51840,12.55,12.758360000000032
53001,3.65,4.4386799999999935
53003,0.0,3.8450400000000013
53005,10.52,11.399999999999991
53007,20.41,17.314079999999976
53009,16.7,16.14011999999995
53011,13.38,13.596280000000046
53013,0.0,3.5062400000000014
53015,29.27,25.767280000000113
53017,14.58,13.449439999999967
53019,0.0,6.376719999999998
53021,5.03,5.756559999999985
53023,0.0,1.8742399999999995
53025,10.96,9.822760000000013
53027,15.16,18.14775999999996
53029,17.32,14.195560000000041
53031,15.07,12.571680000000013
53033,11.98,12.649200000000011
53035,13.35,13.22867999999996
53037,12.36,12.104160000000002
53039,3.65,7.341680000000014
53041,23.72,21.164479999999998
53043,0.0,0.9601200000000001
53045,14.61,15.924760000000033
53047,10.23,10.09260000000001
53049,19.44,17.66088000000001
53051,16.04,15.323599999999976
53053,16.21,15.545840000000023
53055,14.95,13.411879999999964
53057,14.39,14.024479999999983
53059,15.17,14.591800000000026
53061,24.22,19.960479999999986
53063,16.04,15.216159999999972
53065,8.02,11.105239999999988
53067,13.25,13.509119999999996
53069,26.18,18.134519999999974
53071,4.32,8.134039999999988
53073,11.29,11.945679999999982
53075,0.0,3.9280400000000015
53077,6.07,6.8860799999999935
54001,0.0,5.347960000000001
54003,26.48,24.27063999999991
54005,110.46,96.65863999999962
54007,30.55,32.123240000000095
54009,58.71,44.10999999999988
54011,42.42,37.212280000000064
54013,22.1,30.96508000000008
54015,44.59,45.852760000000046
54017,15.97,17.701999999999963
54019,43.76,38.97524000000011
54021,0.0,5.450039999999998
54023,12.36,8.394759999999975
54025,33.52,26.4361600000001
54027,17.6,16.530799999999957
54029,31.03,26.068839999999966
54031,13.26,14.155080000000062
54033,36.0,29.927040000000005
54035,23.54,21.278279999999977
54037,20.29,19.415799999999976
54039,35.88,29.384120000000067
54041,21.3,23.02544000000006
54043,69.61,65.55276000000013
54045,65.83,52.80111999999997
54047,119.66,90.50171999999993
54049,36.0,28.57840000000001
54051,26.66,25.561839999999943
54053,27.95,24.045359999999935
54055,80.04,60.58300000000026
54057,21.49,20.891079999999903
54059,67.76,62.397480000000094
54061,31.16,24.32095999999995
54063,11.17,10.560040000000024
54065,18.82,18.371720000000014
54067,53.3,42.000279999999975
54069,38.4,29.91459999999994
54071,0.0,0.46551999999999993
54073,0.0,6.8226
54075,8.38,11.765520000000047
54077,19.0,16.92987999999999
54079,25.0,16.562879999999996
54081,73.3,53.11619999999988
54083,2.1,8.036959999999977
54085,8.11,12.339600000000017
54087,30.67,28.794560000000036
54089,45.52,30.968840000000114
54091,25.79,24.889039999999987
54093,0.0,0.9326
54095,5.52,11.286359999999984
54097,15.6,16.42747999999996
54099,42.73,37.06623999999983
54101,24.32,27.317639999999948
54103,24.87,23.290279999999953
54105,18.66,27.07763999999994
54107,13.77,16.653959999999998
54109,132.37,96.5261599999999
55001,13.72,13.875839999999952
55003,0.0,4.3861599999999985
55005,3.52,6.641879999999989
55007,0.0,1.8350800000000005
55009,11.14,12.22424
55011,0.0,0.33196000000000003
55013,4.44,6.50456000000002
55015,0.0,4.073359999999999
55017,3.74,6.749480000000005
55019,7.61,7.953959999999979
55021,15.24,12.518239999999954
55023,3.1,4.230440000000008
55025,15.93,13.496959999999966
55027,11.28,11.079440000000016
55029,0.0,1.9916800000000003
55031,5.24,9.05779999999999
55033,4.68,4.8351599999999975
55035,2.88,5.353040000000003
55037,0.0,2.829319999999999
55039,10.6,10.69475999999998
55041,0.0,3.489479999999999
55043,4.76,4.4133199999999935
55045,12.3,12.23124000000002
55047,12.46,9.184280000000015
55049,13.08,11.637439999999973
55051,0.0,2.4498400000000005
55053,7.19,5.61536000000002
55055,14.72,12.993159999999964
55057,11.47,11.716119999999968
55059,17.33,15.912919999999968
55061,0.0,1.7015599999999993
55063,8.65,8.875080000000018
55065,0.0,0.7772
55067,4.05,4.865719999999987
55069,0.0,1.6312
55071,6.69,7.588840000000022
55073,9.03,9.947600000000008
55075,0.0,5.600759999999998
55077,12.46,11.70916000000002
55078,6.43,11.635919999999974
55079,20.05,17.75612000000003
55081,4.32,4.851480000000004
55083,3.71,7.591440000000016
55085,0.0,2.01388
55087,6.18,7.561640000000015
55089,14.76,13.202200000000051
55091,0.0,2.841040000000001
55093,6.41,8.336800000000027
55095,7.31,8.47183999999997
55097,12.97,10.893119999999971
55099,0.0,2.117240000000001
55101,9.72,11.21695999999997
55103,12.39,9.954960000000009
55105,19.99,18.461079999999914
55107,0.35,3.1949200000000078
55109,7.97,8.794600000000006
55111,24.08,19.183959999999974
55113,1.05,5.240199999999979
55115,9.14,9.341880000000014
55117,15.63,13.226280000000042
55119,3.4,6.723120000000018
55121,4.32,5.284319999999997
55123,0.0,2.4923599999999997
55125,0.0,4.232759999999998
55127,13.6,12.872239999999955
55129,0.0,1.4380400000000002
55131,10.58,11.508119999999979
55133,12.8,11.58152000000002
55135,11.72,8.957999999999997
55137,13.47,12.216879999999962
55139,15.5,14.03172
55141,11.34,9.776799999999996
56001,9.69,6.8695371428571645
56003,2.37,1.809880000000002
56005,0.0,2.2637680000000002
56007,9.08,7.376919999999985
56009,5.31,5.554119999999979
56011,0.0,0.5537639999999999
56013,5.15,7.062480000000017
56015,3.78,2.688519999999989
56017,4.4,2.8205199999999917
56019,4.3,3.2469999999999923
56021,15.11,14.124560000000015
56023,3.26,4.9712399999999946
56025,13.09,12.653320000000011
56027,0.0,0.07432
56029,2.73,2.8015200000000053
56031,6.3,4.7947999999999835
56033,0.0,0.31936
56035,0.0,2.6048800000000005
56037,5.87,8.081279999999968
56039,0.0,1.7096399999999998
56041,5.3,8.397439999999987
56043,6.06,4.715439999999983
56045,0.0,0.47228
